Consumer time (us)
16434
15955
15952
16087
16183
15954
15932
16083
15945
15961
15951
16006
16122
16039
15863
15945
16026
15963
15944
15920
15938
16009
15889
15832
16039
15993
15963
15995
11195
15855
15989
15895
15817
15980
26092
15980
15889
15821
15984
15919
15821
15977
15973
15817
15887
16042
15952
16046
15953
15980
16047
16058
15887
15945
36451
16050
15944
15871
12784
16047
15965
16053
16071
15908
16040
15967
16042
16032
16039
15868
16035
15939
15960
15939
26180
16023
16026
15951
15932
16016
15927
15946
15891
15960
15984
15993
15833
15973
15986
15983
15897
15903
15920
16000
26141
15888
15972
15895
15893
15900
15909
15976
15890
15818
16017
16060
15985
15961
16038
15978
16044
16163
15872
16043
36294
15949
15940
15964
16058
15967
15856
16150
16036
15908
15952
16098
15967
16027
16029
15960
16037
15949
15875
15936
26277
16034
15930
15848
16008
16012
15853
15902
16011
15891
16006
15907
15918
15995
15987
15894
15896
15900
15918
15897
26092
15977
15978
15821
15975
15970
15825
15897
15888
15969
15975
16047
15969
15948
15953
16337
15974
15965
15978
16050
26084
15914
15986
15921
15907
15899
15946
15978
15975
15855
15981
15906
15906
16111
15897
15924
15977
15886
15909
15896
26081
16090
15900
16107
16048
16063
15899
16110
16054
15977
15954
16041
15989
16037
16043
15867
14535
15942
15888
15932
36297
16038
15941
15876
16134
16044
15867
16158
16088
15972
16025
15948
15978
16026
16041
15864
15934
15938
15908
15893
26035
15995
15987
15830
15894
16039
11194
15985
15897
15927
15985
15992
15832
15897
16003
15918
15893
15887
15909
15978
26049
15893
16168
15966
15954
15956
16035
16054
16054
15871
15957
16064
15967
15956
15957
15978
16029
15950
15860
16027
26129
15952
15935
16076
16033
16054
15867
16078
16018
15953
15943
16042
15950
16019
15929
15869
16004
15875
15857
15891
26104
16000
15985
15907
16012
15891
15988
15905
15973
15922
15980
15898
15837
15984
15991
15822
15893
15891
15925
15892
23978
16135
16047
15889
15959
16097
15988
16043
16055
15892
15953
15948
15858
15964
16059
15974
15946
16036
15978
16030
16028
15908
16140
15972
15944
15950
16009
16032
16026
15859
16030
16017
15964
15954
15938
15939
16003
15881
15812
15984
15905
15824
15904
15907
15988
15985
15835
15901
15998
15944
15892
15899
15917
15985
15896
15804
16117
15976
15816
15895
16008
15914
15980
31089
16190
16062
15984
15950
15947
15964
16037
15954
15865
16045
16054
15882
15953
11179
15997
16037
16037
16000
16034
17788
15918
16043
15974
16034
15944
15850
16177
16044
15885
15928
16026
15966
15942
15939
16053
16000
16007
15814
15991
15968
15926
15903
15821
15987
15981
15840
15888
15989
15904
15984
15897
15826
15976
15903
15812
16032
15977
15929
15894
15887
15920
15979
23527
15958
16059
15989
15961
15949
15977
16041
15949
15859
16148
16041
16036
16035
16163
15868
16039
16171
15980
16035
26186
15904
15894
15918
15988
15895
15818
15974
15997
15817
15890
16040
15927
15984
15888
15899
15977
15975
15823
15890
26110
15971
15894
15901
16067
16063
15871
15949
16159
15986
15948
15952
16020
16043
16042
15889
16036
15957
15966
15947
26160
16032
16037
15877
15938
16029
15969
15946
15934
16034
16052
15957
16031
16083
16027
15929
15931
15923
15832
15992
26106
15898
15996
15923
15977
15889
15829
15981
15903
15829
16026
15994
15903
15894
15980
15893
15987
15889
15811
15972
26059
15893
15957
16005
16042
15949
15868
16152
16056
15993
15953
16093
15962
16264
15955
15952
16046
15944
15972
15935
26146
16247
15967
15866
16029
16023
15864
15937
16131
15953
15941
15951
31248
16017
15937
15854
16015
15890
15908
15900
26046
15996
15994
15918
15981
15900
15801
16105
15914
15965
15983
15987
15812
15980
15982
15917
15888
15884
15904
15986
29243
15954
16064
11197
15956
16161
16084
16046
15954
15865
16088
16030
15978
16166
16050
15977
16040
16049
15877
16035
16994
15927
15939
15958
16054
15944
15862
16117
16031
15858
15946
16072
15932
11228
15939
15940
15894
15998
15818
15905
15899
15979
15913
15821
15998
15984
15817
15890
16030
15913
15977
15892
15901
15973
15981
15836
15886
15889
15991
15965
16193
16003
16063
11190
15947
16153
15986
15968
15953
16028
16034
16039
15880
16028
16057
15965
15951
15949
15982
16031
15942
15868
15958
26142
15938
15941
16045
16020
16030
15868
16051
16025
15980
32952
15910
15926
15994
15995
15811
15996
15894
15839
15911
26157
15983
15986
15816
16003
15982
15925
15900
15979
15920
15967
15893
15868
15882
15879
15890
15967
15966
15982
15957
22322
14120
16046
15884
16054
16100
15978
16056
15947
15970
16049
16038
15868
15944
16053
15963
15944
15942
15965
16036
16016
15895
16143
15954
16040
15940
16004
16004
16005
15847
15897
15995
15917
15896
15898
15898
16015
15981
15826
15998
16098
15839
15903
26003
15985
15974
15802
15972
15992
15912
15895
15881
15909
15976
15950
15878
16047
16052
15879
15953
16078
16039
15950
36350
16108
16253
15979
15943
16038
15969
16042
15945
15862
16232
16054
15864
15944
15939
15971
15955
15946
16054
16016
26231
15930
16054
15961
15900
15992
15811
15897
26113
15903
15897
16001
15918
15978
15883
15884
16130
15910
15833
16024
26015
15975
15901
15902
15977
15988
15824
15888
16060
15980
16051
15962
15890
15951
16206
15884
16157
15946
15972
11179
16811
15896
16203
15877
16046
16044
15965
15936
15945
15971
16029
15938
15852
16021
16029
15871
15939
16070
15948
15936
16152
15987
16002
23305
15899
15898
15923
15995
15897
11197
15986
15981
15824
15900
15998
15912
15906
15900
15971
15982
15989
15810
15975
26024
15978
15893
15828
16053
16057
15890
15957
16051
15982
15953
