Drift time (us)
-998921
156
164
157
168
174
160
182
175
157
180
150
156
169
151
159
181
147
168
167
152
171
214
99
169
179
161
169
108
171
171
168
139
164
214
179
172
149
154
168
148
174
158
152
162
167
164
166
164
131
178
143
158
149
276
173
145
150
210
176
155
176
162
154
159
165
147
170
169
154
145
166
148
164
303
170
168
162
166
176
148
175
270
52
165
167
148
146
182
177
174
171
165
171
388
162
170
152
169
164
157
166
166
146
174
175
151
165
146
146
176
156
133
168
270
182
175
171
176
167
149
171
162
160
162
174
145
168
171
138
169
149
149
167
299
171
169
149
183
166
159
214
167
162
169
162
130
169
166
166
154
146
146
162
237
171
168
156
174
164
144
167
171
160
168
169
152
155
169
166
167
153
153
172
4959
163
171
152
171
166
154
174
165
155
147
170
155
174
153
144
168
148
154
161
262
187
164
149
176
167
150
171
165
154
165
141
160
170
171
128
124
168
151
162
295
173
168
157
181
179
162
182
163
158
173
168
133
174
171
148
151
148
138
217
294
175
168
151
173
142
118
189
167
132
184
182
166
167
180
146
169
162
156
171
396
165
170
148
170
166
157
173
167
139
158
179
152
174
144
145
171
161
151
151
311
167
169
153
177
163
146
175
166
156
168
142
153
174
167
145
173
208
105
160
175
176
172
157
171
149
194
165
149
154
167
154
133
175
173
146
163
163
146
160
415
158
173
155
166
163
160
176
171
144
169
150
164
149
176
152
167
170
154
168
180
157
170
157
170
163
156
177
172
155
143
166
155
172
151
160
181
201
107
178
152
142
174
9661
167
165
158
145
164
152
164
164
160
173
173
149
173
175
148
174
168
167
184
380
146
173
147
167
151
148
168
173
147
169
171
153
168
120
181
178
168
151
163
171
160
149
167
173
174
146
184
165
147
169
166
149
173
168
159
173
171
151
142
179
164
167
146
205
143
154
159
169
157
173
168
153
150
173
152
166
170
155
171
153
146
164
144
157
169
155
169
162
157
175
164
140
181
184
175
172
177
149
156
164
133
173
3116
168
160
150
168
165
149
171
164
149
168
171
156
177
164
129
172
143
140
160
243
179
168
163
163
165
149
165
165
160
173
166
155
173
170
155
150
149
157
175
345
173
169
153
165
166
165
183
171
159
178
169
166
169
169
152
169
157
254
58
197
166
168
157
170
158
146
175
162
152
185
182
156
174
145
170
177
163
131
178
335
170
161
164
168
170
141
175
165
159
165
167
153
175
166
128
172
165
148
165
384
190
167
141
174
169
150
168
169
152
171
170
157
175
173
152
152
204
159
169
300
174
177
157
168
169
147
181
163
159
175
171
152
145
175
161
172
160
150
165
347
160
171
110
183
161
152
176
165
146
191
161
162
183
149
152
179
169
135
175
170
162
164
147
170
173
144
168
169
148
177
154
153
126
185
133
290
63
157
159
702
143
154
145
176
165
145
173
163
154
179
163
128
179
177
155
151
152
156
166
146
164
184
129
185
148
148
172
166
155
176
169
148
151
179
153
167
150
147
170
152
145
169
284
167
165
155
176
174
153
173
152
156
224
256
47
175
174
146
177
160
151
174
414
163
169
142
172
167
153
167
149
157
173
150
162
162
148
173
167
164
145
163
409
117
186
147
171
165
154
174
167
128
175
161
144
160
173
155
169
172
170
183
162
150
182
144
174
162
160
172
171
149
253
173
157
176
166
155
178
175
152
172
159
141
166
164
184
179
162
147
172
159
174
149
154
179
171
156
174
172
152
177
155
166
171
330
183
168
156
170
144
170
192
169
158
189
174
151
166
173
151
176
156
139
167
332
172
172
164
287
67
132
174
191
172
157
180
163
178
168
165
189
167
153
173
331
165
163
130
180
171
155
149
168
157
177
163
160
173
178
157
170
165
144
122
413
156
188
152
145
174
155
173
151
158
175
161
137
182
181
155
173
173
149
173
155
157
176
258
139
153
165
184
154
116
192
163
154
165
179
154
171
168
150
165
164
151
146
332
178
173
143
172
169
150
165
172
169
179
