Producer lag (us)
52
39
39
38
38
39
38
38
40
36
39
41
39
40
36
41
42
35
40
43
37
41
39
36
39
39
39
40
32
36
39
40
37
40
37
42
41
36
39
42
37
42
40
38
39
39
39
41
39
36
39
39
39
41
38
41
39
37
39
41
35
42
42
37
39
41
36
40
39
38
39
38
37
42
39
40
39
37
41
42
37
39
41
37
39
39
35
39
41
40
40
41
38
40
39
42
40
36
41
41
36
39
41
37
40
43
36
39
41
37
41
40
35
39
37
38
39
37
41
41
38
41
39
36
39
44
37
39
39
38
41
41
36
40
37
39
39
37
41
40
37
38
41
37
39
39
36
41
40
39
42
39
36
42
39
40
40
34
42
42
37
39
42
38
38
42
34
39
40
37
39
40
38
41
39
41
42
37
40
40
38
40
40
37
41
42
36
40
41
35
40
39
37
39
39
42
41
34
41
40
37
39
39
36
40
38
38
40
42
35
30
40
36
38
36
40
41
38
42
41
36
41
40
37
41
43
36
39
39
36
39
40
33
88
40
42
42
36
39
40
29
40
40
36
40
40
35
42
42
35
40
39
37
41
38
41
41
36
40
41
37
42
43
35
42
41
35
42
41
35
38
38
35
39
41
41
42
37
42
40
36
39
43
37
41
40
36
41
40
35
39
39
38
38
37
41
40
38
40
39
42
39
41
39
40
42
36
40
39
36
39
39
35
40
38
36
41
37
41
39
36
41
40
39
39
41
38
40
39
35
40
39
36
40
39
39
41
37
40
40
36
41
42
38
40
42
37
39
41
35
37
38
36
41
41
36
40
40
40
39
38
39
40
38
39
39
35
40
40
38
40
42
35
40
41
38
41
38
40
42
36
40
39
36
40
42
37
40
40
38
40
29
39
41
40
37
41
38
38
38
36
40
39
36
40
41
36
41
42
37
39
39
37
41
40
37
40
41
39
42
36
37
38
38
40
39
36
41
41
37
38
41
38
41
39
37
41
41
36
41
35
39
41
36
40
40
37
40
41
35
39
40
39
39
38
35
39
39
38
42
39
40
41
35
41
41
37
40
40
39
41
40
36
40
41
34
40
40
34
41
39
41
40
39
40
40
35
40
39
38
42
41
36
41
40
37
40
40
36
41
38
41
40
35
39
39
35
40
41
36
41
40
39
41
42
37
40
42
146
39
37
41
38
35
39
40
35
40
41
38
41
41
37
40
40
38
41
41
35
41
39
41
40
39
40
40
35
41
41
38
40
40
35
41
41
35
42
42
37
40
39
42
40
35
40
42
36
39
39
37
41
41
36
39
39
37
40
38
36
40
40
39
39
36
39
39
35
40
39
37
41
42
37
41
40
38
42
39
36
41
39
40
40
29
39
39
34
40
37
35
39
40
37
42
40
35
42
42
35
39
37
40
41
36
40
41
36
38
40
35
42
40
35
29
41
38
148
41
35
39
44
39
41
36
41
40
34
39
40
36
40
41
36
42
41
38
39
41
37
41
39
36
39
31
40
38
35
40
39
36
41
41
36
40
41
38
41
40
37
41
41
36
39
37
40
39
36
40
39
36
41
40
38
39
154
37
39
39
37
42
40
35
40
39
40
39
34
40
39
37
38
41
38
40
41
41
40
39
37
41
42
37
42
41
30
39
35
39
40
36
41
41
37
41
42
35
41
40
37
39
40
36
40
38
37
41
35
40
40
38
41
41
35
37
39
34
40
42
37
41
42
36
41
41
34
39
35
40
40
38
39
39
36
42
41
36
40
40
38
43
42
35
39
41
38
40
37
40
38
38
41
39
36
41
38
35
40
39
37
41
41
35
39
41
36
39
36
39
39
37
40
40
38
41
39
40
39
40
37
40
39
38
42
41
38
40
39
39
40
36
42
42
38
40
41
36
41
40
38
39
40
38
41
41
36
29
38
34
40
39
40
41
37
42
41
38
42
43
34
40
41
38
41
42
35
39
38
36
40
74
41
41
37
42
38
31
42
41
36
41
42
37
41
40
36
39
39
35
38
38
39
40
37
40
41
37
40
41
36
40
