Consumer time (us)
16352
11161
11081
11079
11061
11028
11058
11030
15815
15836
15936
15908
15933
13283
11087
11031
11049
11029
11043
11031
11131
16020
15938
15856
15838
15809
15793
15794
25579
11175
11027
11084
11020
11043
11015
11034
15274
15912
15890
15900
15881
15964
15881
15982
12004
11109
11081
11222
11064
11041
11083
11035
15837
15756
15763
15879
15773
15742
15767
15894
11133
11051
11081
11039
11146
11075
11038
12900
15867
15843
15824
15841
15994
15849
36283
16048
15909
15917
15899
15905
15915
15913
15903
15915
15899
15962
15932
16006
15900
15891
12525
11080
11048
11061
11047
11030
11049
11022
15862
15790
15948
15792
15798
15788
15832
26148
16057
15816
15998
15884
15826
15875
15874
15864
15869
15875
15851
15855
15843
15849
15836
14111
11103
11072
11081
11070
11048
11066
11081
15923
15752
15737
15755
15736
15758
15777
21155
15931
15819
15802
15818
15832
15806
15789
15807
15820
15809
15800
15842
15799
15943
23743
16081
15913
15899
16117
15920
15939
15896
15907
15896
15909
15898
15904
15895
15895
15908
11944
11119
11125
11063
11181
11081
11164
11062
15815
15786
15746
15760
15743
15758
15742
26102
15890
15764
15845
15868
15864
15845
15843
15864
15847
15843
15845
15896
15841
15827
15868
13307
11105
11035
11069
11029
11074
11029
11050
15971
16146
15804
15801
15797
15826
15791
26015
15920
15976
15914
16009
15928
15891
15916
15895
15911
15898
15913
15889
15904
15897
15901
12006
11096
11267
11083
11068
11086
11058
11062
15809
15880
15789
15742
15763
15744
15756
15893
11137
11045
11061
11031
11086
11027
11070
15796
15750
15838
15839
15833
15839
15818
26087
16044
16019
15917
15899
15930
15891
15917
15896
15915
15906
15923
15906
15902
15931
15893
12618
11080
11023
11045
11027
11141
11030
11020
15859
15790
15812
15800
15803
15779
15798
26141
15930
15888
15887
15928
15876
15762
15850
15839
15850
15846
15885
15968
15920
15839
15841
14107
11087
11059
11035
11129
11079
11063
11027
16013
15772
15755
15761
15757
15736
15743
21958
15923
15806
15943
15821
15934
15810
15791
15808
15795
15820
15825
15810
15788
15850
15805
15953
15796
15800
15889
15905
16066
15904
15892
15958
15898
15990
15900
22035
11150
11020
11279
11128
11095
11202
11121
15846
15793
15746
15768
15756
15765
15776
15758
15752
15765
26013
15999
15853
15847
15867
15842
15863
15872
15878
15848
15875
15830
15852
15838
15849
15831
13404
11107
11064
11045
11057
11037
11149
11051
16024
15827
15804
15828
15804
15822
16022
16927
11125
11056
11036
12288
11140
11051
11071
15861
15898
15893
15896
15956
15898
16001
26090
14409
11122
11047
11066
11081
11140
11056
11069
15816
15767
15750
15982
15759
15746
15832
13774
11097
11060
11036
11153
11048
11030
11086
15793
15857
15774
15821
15801
15813
15797
35593
15940
15834
15916
15902
15896
15884
15894
15894
15919
15963
15909
16008
15917
15896
15904
12465
11079
11024
11053
11101
11046
11016
11069
15854
15800
15789
15785
15775
15795
15786
23985
15851
15902
15759
15741
15764
15779
15766
15745
15775
15748
15756
15744
15785
15735
27588
15886
15757
15831
15839
15834
15851
15817
15986
15906
16017
16032
15911
15916
15904
15932
12897
11095
11029
11070
11031
11054
11025
11039
15859
15823
15797
15803
15795
15958
15810
26170
15939
15906
15917
15888
15900
15884
15896
15907
15896
15882
15881
15871
15856
15852
15857
14513
11101
11044
11094
11031
11137
11098
11034
15839
15765
15768
15748
15764
15784
15763
24989
15879
15745
15758
15746
15747
15739
15808
16072
15809
15790
15932
15836
15922
15810
15803
16172
11116
11054
11064
11119
11030
11039
11025
15870
15914
15909
15900
15907
15908
15904
12756
11288
11028
11022
11035
11010
11043
11019
15861
15825
15805
15779
15796
15788
15790
26043
15899
15855
15869
15878
15868
15854
15882
15852
15900
15850
15847
15855
15846
15862
15839
13725
11104
11077
11130
11063
11035
11058
11039
15833
15770
15818
15812
15846
15800
15942
33587
16073
15916
15896
15931
15895
15908
15890
15900
15892
15904
15898
15902
15895
16094
15906
12423
11077
11085
11031
11132
11032
11189
11055
15847
15830
15794
15803
15783
15793
15728
21819
11171
11073
11043
11088
11042
11068
11226
15808
15838
15854
15846
15900
15842
15836
19382
13696
11112
11048
11069
11121
11065
11041
11059
15805
15785
15794
15838
15833
15815
15797
16013
11128
11143
11043
11214
11065
11031
11062
14423
15933
15900
15908
15896
15902
15893
26217
16028
15909
15922
15903
15897
15888
15901
15955
15888
16022
15895
15870
15885
15864
15856
14614
11111
11038
11062
11114
11087
11036
11059
15820
15759
15842
15816
15747
15760
15747
25490
15877
15831
15856
15834
15850
15825
15839
15863
15842
15931
15913
15900
16120
15927
15914
13104
11070
11030
11044
11021
11162
11031
11016
15865
15795
15801
15796
15807
15784
15805
16690
11123
11024
11069
11022
11034
11018
11039
15447
15901
16103
15976
15910
15995
15916
26158
14424
11090
11063
11041
11058
11081
11061
11042
15821
15750
15765
15739
15740
15744
15755
15964
11134
11043
11141
11051
11041
11056
11035
15814
15835
15941
15951
15923
15913
15938
34440
16040
15903
15920
15897
15915
15911
15896
15894
15962
15891
16009
15896
15903
15916
15907
12599
11070
11042
11018
11069
11022
11036
11007
15839
15791
15795
15813
15812
15772
15761
22873
15979
15853
15847
15856
15848
15865
15844
15844
15873
15858
15837
15848
15828
15856
28793
13664
11102
11056
11038
11057
11041
11140
11051
15803
15834
15800
15842
15802
15821
15817
16015
11131
11064
11102
11064
11058
11076
11027
15861
15911
15905
15897
15965
15904
16022
26273
16040
15928
15899
15914
15929
15908
15895
15906
15898
15908
15892
15913
15872
15769
15841
14573
11095
11063
11043
11148
11071
11218
11087
15808
15763
15781
15767
15730
15760
15765
24546
15877
15772
15746
15751
15735
15746
15726
15813
15838
15955
15802
15944
15813
15788
16062
16171
11115
11034
11054
11026
11045
11023
11078
14603
15913
15890
15890
15904
15904
15908
43288
11179
11073
11052
11021
11079
11019
11061
15851
15811
15783
15798
16030
15790
15744
15856
14468
11119
11040
11059
11034
11055
11034
11182
15813
15757
15789
15761
16174
15755
15766
26102
15890
15771
15850
15830
15849
15840
15839
15906
15912
15902
15919
16112
15999
15914
16015
12912
11092
11050
11028
11051
11029
11051
11057
15865
15807
15818
15807
15812
15797
15802
25219
15924
15924
15971
15896
16208
15985
15896
15906
15897
15896
15892
15891
15775
15875
15854
14435
11178
11068
11039
11054
11030
11051
11080
15805
15763
15906
15770
15748
15760
15859
15961
11129
11245
11054
11064
11043
11061
11022
15800
15839
15924
15905
15932
15935
15918
36317
16108
15913
16008
15907
15898
15897
15887
15928
15909
15925
15901
15897
15901
15898
15900
12366
11066
11043
11057
11045
11145
11151
11025
15972
15802
15784
15795
15786
15818
15788
26022
15903
15774
15849
15866
15840
15859
15850
15968
15852
15857
15838
15870
15836
15895
15841
13782
11091
11033
11071
11048
11048
11027
11054
15796
15826
15802
15816
15802
15836
15815
17991
11135
11056
11028
11124
11030
11019
11045
14693
15963
15914
15905
15898
15902
15881
33865
12257
11060
11018
11063
11059
11041
11063
11043
15845
15927
15782
15915
15811
15819
15814
16003
11135
11040
11063
11045
11071
11046
11064
12061
15913
15843
15854
15863
15841
15841
26045
15986
15925
15862
15868
15861
15839
15854
15835
15850
15832
15841
15902
15909
16095
15927
13122
11116
11086
11059
11030
11063
11044
11136
15963
15991
15916
15903
15817
15802
15820
26391
15934
15903
15906
15931
15914
15882
16065
15900
15898
15893
15911
15891
15950
15893
16026
11767
11056
11071
11043
11072
11098
11067
11048
15822
15784
15765
15740
15790
15749
15757
15894
11135
11077
11059
11085
11149
11058
11031
13056
15870
15852
15834
15835
15825
15935
36401
16047
15914
15934
15902
15912
15907
15907
15913
25411
11165
11138
11028
11022
11050
11023
11174
15890
15802
15793
16038
15826
15812
15881
15924
15877
15886
15885
15889
15904
15895
22295
16034
15750
15908
15851
15844
15866
15837
15876
15839
15873
15839
15852
15995
15866
19446
13775
11078
11063
11038
11846
11132
11059
11037
15920
15756
15728
15805
15794
15829
15799
16019
11117
11059
11063
11057
11018
11046
11021
15869
15911
16085
15906
15895
15891
15959
26272
16160
15912
15894
15923
15889
15926
15882
15896
15921
15898
16011
15899
15871
15899
15877
11562
11073
11062
11033
11057
11042
11138
11058
15811
15764
15751
15784
15750
15853
15782
24862
15880
15765
15762
15759
15829
15787
15741
15813
15870
15817
15807
15949
15805
15934
15810
16169
11117
11025
11045
11064
11050
11023
11045
14617
15932
15889
15911
15889
15902
15925
12771
11076
11130
11040
11013
11050
11045
11047
15845
15833
15788
15783
15895
15817
15780
26041
16099
15775
15845
15855
15838
15856
15848
15843
15943
15913
15864
15865
15853
15841
15883
13692
11113
11046
11071
11039
11055
11074
11065
15799
15928
15802
15804
15799
15826
15800
34090
15941
15959
15921
15910
15951
15915
15916
15930
15901
15895
15906
15920
15912
15900
15912
12417
11081
11027
11051
11033
11132
11214
11029
15877
15798
15831
15789
15799
15813
15764
22491
15870
15787
15761
15838
15851
15842
15866
15858
15857
15852
15858
15865
15910
15846
19220
13635
11074
11070
11042
11064
11039
11063
11078
15989
15808
15829
15799
15804
15810
15902
16027
11125
11075
11138
11033
11067
11049
11031
15872
15904
15911
15892
15926
15893
15901
26213
16026
15906
15895
15889
15893
15885
15888
15909
15959
15877
16017
15890
15741
15860
15843
14553
11101
11086
11032
11054
11036
11060
11045
15819
15751
15751
15740
15972
15846
15756
25193
15996
15753
15834
15853
15848
15844
15823
15939
15905
15920
15900
15918
15907
15917
15908
13021
11058
11186
11028
11045
11268
11149
11029
15996
15815
15797
15816
15802
15834
15798
16686
11118
11039
11029
11040
11023
11034
11021
15861
15907
15894
15902
15955
15887
15880
26041
15979
15869
15872
15868
15842
15859
15833
15862
15834
15859
15837
15855
15841
15870
15843
13663
11113
11074
11037
11129
11048
11034
11054
15975
15929
15822
15818
15806
15812
15795
35106
15943
15811
16106
15917
15891
15908
15934
15906
15896
15960
15904
15994
15900
15911
15907
12340
11084
11021
11043
11010
11042
11056
11093
15857
15795
15785
16047
15798
15753
15764
23518
15847
15893
15769
15779
15868
15764
15760
15759
15773
15739
15755
15744
15764
15864
28078
15889
15789
15846
15854
15837
15839
15833
15977
16104
16020
15919
15912
15922
15895
15913
12903
11102
11033
11050
11074
11050
11038
11086
15849
15806
15789
15802
15788
15938
15812
26254
15932
15892
15911
15900
15892
16032
15904
15889
15896
15909
15886
15761
15886
15849
15849
14490
11116
12131
11136
11090
11159
11062
11046
15813
15745
15773
15740
15759
15755
15773
25125
15884
15744
15795
15735
15750
15736
15743
15806
15809
15851
15956
15796
16016
15914
15908
12990
11059
11063
11029
11081
11035
11049
11071
15853
15797
15803
15805
15799
15796
16034
16669
11208
11033
11025
11049
11030
11056
11052
15851
15893
15932
15880
15892
15888
15780
26177
15979
15843
15867
15838
15878
15846
15841
15838
15906
15842
15834
15871
15839
15846
15835
13655
11094
11062
11077
11075
11039
11053
11027
15973
15799
15837
15796
15805
15798
15948
33621
16066
15921
15913
15921
16080
15915
15900
15906
15923
15908
15911
15905
15893
15899
15899
12397
11064
11045
11074
11123
11024
11014
11101
15857
15823
15816
15795
15790
15789
15758
22572
15863
15770
15865
15879
15848
15866
15845
15855
15842
15851
15836
15928
15844
15845
29016
13651
11092
11042
11090
11040
11060
11037
11059
15819
15932
15935
28600
11185
11051
11058
11186
11067
11135
11040
15997
15817
15840
15811
15796
15835
15796
15807
15784
15805
15796
26107
15950
15809
15909
15906
15906
15902
15899
15965
15900
16004
16116
15909
15882
15755
15896
14429
11105
11041
11062
11037
11055
11075
11055
15812
15760
15755
15753
15753
15765
15741
16935
11132
11041
11052
11239
11081
11034
11059
13262
15874
15832
15918
15922
15913
15886
26063
14408
11101
11053
11069
11051
11065
11081
11149
15810
15775
15761
15734
15752
15740
15755
15887
11146
11047
11070
11043
11059
11033
11056
13299
15866
15834
15913
16018
15976
15909
32418
16031
15910
15929
15904
15903
15899
15922
15910
15908
15897
15900
15888
15892
15894
15898
12483
11081
11057
11124
11025
11071
11045
11012
15869
15786
15795
15773
15813
15776
15786
20899
11172
11050
11067
11037
11053
11034
11078
12307
15889
16006
15940
15846
15847
15854
20675
13695
11062
11088
11031
11058
11034
11048
11042
15813
15739
15807
15905
15838
15801
15815
16028
11209
11049
11033
11052
11022
11048
11206
15871
15904
15932
15902
15908
15888
15901
26203
16026
15895
15929
15901
15922
15925
15974
15894
15996
15885
15878
15892
15937
15762
15909
14599
11095
11065
11039
11059
11031
11059
11038
15822
15751
15763
15782
15754
15741
15867
25684
15884
15765
15782
15855
15843
15852
15829
15841
15897
15921
15929
15910
15917
15907
15918
13051
11089
11051
11025
11132
11033
11032
11045
15874
15832
15805
15812
15796
15808
15792
16661
11130
11049
11057
11053
11020
11067
11018
15511
15903
15963
15887
16109
16108
15898
26095
14435
11101
11043
11059
11039
11058
11038
11057
15839
15767
15749
15771
15749
15753
15739
15948
11133
11143
11079
11036
11054
11035
11059
13231
15867
15825
15918
15907
15910
15945
34771
16028
15929
15898
15903
15903
15901
15891
15958
15940
15998
15940
15888
15894
15886
15898
12261
11090
11028
11223
11035
11179
11021
11074
15847
15812
15793
15806
15779
15912
15838
23593
15859
15750
15770
15745
15755
15751
15746
15745
15797
15754
15763
15773
15762
15744
28004
15891
15753
15843
15847
15867
15901
15838
15825
15941
15905
15920
15906
15919
15903
15940
12989
11102
11087
11059
11026
11048
11026
11045
15858
15838
15809
15941
15800
15914
15809
26285
15943
15906
15900
15919
15925
15883
15907
15922
15904
15872
15875
15872
15861
15844
15871
14565
11105
11040
11138
11062
11026
11056
11030
15812
15985
15777
15743
15753
15790
15759
25390
15881
15840
15844
15842
15862
15828
15909
15912
15968
15904
16038
15897
15904
15917
15923
12977
11049
11228
11038
11048
11023
11049
11026
15876
15806
15823
15788
15800
15795
15940
16650
11114
11052
11022
11047
11061
11039
11067
15860
15890
15892
15875
15892
15756
15867
26038
15995
15872
15864
15976
15864
15853
15914
15878
15849
15893
15877
15861
15847
15883
15842
13635
11096
11059
11036
11056
11071
11052
11032
15975
15803
15816
15806
15939
15821
15927
34703
15944
15813
15910
15944
15911
15912
15905
15927
15905
15905
15932
15904
15903
15894
15908
12349
11058
11124
11023
11011
11219
11063
11090
16074
15822
15785
15796
15731
15779
15755
23398
15861
15775
15741
15746
15785
15763
15756
15756
15747
15866
15784
15748
15768
15763
28229
15884
15755
15838
15842
15833
16012
15843
15912
15906
15912
15907
15907
15905
15913
15901
13016
11106
11033
11045
11064
11050
11021
11046
15870
15799
15815
15823
15796
15913
15800
26185
15962
15807
15897
15894
15896
15962
15917
15997
15889
15897
15906
15881
15874
15841
15864
14577
11148
11045
11071
11038
11062
11038
11055
15803
15765
15749
15785
15742
15875
15757
25061
15896
15741
15755
15736
15760
15739
15758
15735
15818
15801
15817
15796
15803
15916
15811
16171
11127
11035
11140
11080
11039
11051
11032
15961
15907
15909
16100
15921
15896
23378
11228
11081
11031
11048
11023
11045
11022
15866
15780
15954
15814
15914
15794
15789
15754
26069
15889
15772
15865
15848
15866
15844
15855
15837
15853
15840
15840
15833
15872
15827
15852
13662
11205
11054
11037
11067
11048
11056
11075
15807
15819
15824
15805
15812
15809
15817
23222
11171
11220
11058
11030
11046
11063
11131
14570
16025
15912
15893
15911
15931
15928
15899
12390
11043
11046
11023
11043
11019
11039
11057
15862
15795
16038
15797
15919
15788
15926
16580
11133
11074
11082
11067
11030
11066
11037
15807
15834
15842
15834
15844
15880
15851
26103
15964
15837
15842
15846
15898
15839
15833
15849
15835
15954
15900
15916
15913
15913
15906
13079
11085
11052
11074
11046
11023
11068
11021
15862
15806
15942
15806
15936
15842
15798
26132
15942
15815
15902
15908
15889
15899
15891
16105
15905
15894
15894
15916
15889
15891
15746
14633
11098
11140
11092
11038
11058
11027
11058
15906
15768
15746
15759
15741
15793
15751
21299
16066
15773
15834
15842
15850
15839
15836
15889
15863
16025
15916
15899
15919
15905
20282
13026
11076
11030
11082
11027
11049
11058
11047
15855
15806
15802
15807
15780
16115
15793
16127
15934
15896
15889
15886
15900
15883
15894
15896
15918
15888
15895
15908
15870
15866
26118
15976
15863
15863
15879
15848
15904
15847
15829
15851
15844
15859
15838
15852
15833
15864
13692
11111
11081
11062
11043
11053
11032
11055
15813
15779
15805
15957
15795
16018
15918
25770
16038
15905
15931
15915
15909
15895
16106
15923
15904
15896
15895
15899
15906
15914
15928
12348
11143
11036
11023
11054
11026
11046
11073
15954
15817
15803
15779
15842
15753
15758
15909
11149
11128
11076
11222
11086
11037
11073
12645
15952
15864
15842
15862
15846
15848
26098
15984
15849
15879
15918
15931
15913
15927
15939
15922
15927
15912
15906
15907
15900
15968
12748
11074
11059
11028
11047
11066
11047
11103
29375
11158
11048
11020
11050
11141
11042
11187
15948
15813
15906
15896
15951
15888
15982
15897
15737
15867
15944
15863
15843
15882
15844
14148
11075
11071
11043
11053
11077
11058
11041
15804
15868
15757
15736
15860
15751
15736
15952
11122
11059
11068
11051
11031
11051
11022
15882
15908
16120
15932
15898
15903
15908
36321
16031
15898
16050
15907
16006
15934
15891
15901
15911
15910
15900
15896
15896
15920
15888
12187
11058
11092
11067
11081
11068
11091
11062
15988
15787
15882
15790
15741
15759
15786
26016
15890
15764
15850
15868
15845
15869
15837
15846
15841
15850
15849
15843
15845
15840
15836
13741
11080
11042
11055
11079
11057
11032
11055
16062
15826
15806
15839
15796
15819
15915
16932
11129
11061
11039
11044
11029
11152
11032
14887
16098
15924
15909
15908
15910
15895
26047
14420
11186
11048
11060
11040
11063
11037
11070
15810
15764
15743
15774
15745
15872
15781
15962
11142
11046
11063
11037
11054
11085
11064
13268
15883
15833
15915
15927
16027
15915
36346
16034
15938
15899
15969
15925
16006
15931
15897
15906
15889
15898
15914
15897
15891
15898
12266
11095
11028
11050
11026
11048
11027
11079
15860
15934
15823
15929
15807
15786
15792
24486
15872
15781
15867
15852
15865
15852
15865
15842
15861
15836
15862
15859
15852
15838
16013
13765
11197
11092
11039
11073
11033
11070
11079
15808
15742
15771
15818
15814
15800
15808
16033
11132
11083
11056
11026
11080
11028
11132
14369
16039
15906
15898
16089
15903
15908
26256
16038
15911
15908
15891
15919
15885
15888
15921
15886
15892
15920
15894
15948
15873
15912
11374
11078
11085
11034
11060
11039
11169
11398
15836
15754
15751
15738
15753
15769
15753
25470
15876
15847
15847
15829
15894
15836
15831
15943
15913
15920
15916
15927
15913
15919
15903
13002
11054
11074
11030
11041
11028
11074
11031
15864
15801
15937
15803
15915
15835
15799
16702
11114
11178
11026
11044
11018
11049
11091
15878
15899
17275
16010
15880
15879
15887
26073
14429
11086
11284
11082
11037
11071
11029
11063
15804
15772
15738
15759
15746
15784
15744
15970
11130
11059
11030
11055
11028
11055
11031
15939
15840
16031
15914
15906
15903
15898
34079
16038
15923
15913
15938
15901
15910
15934
15895
15895
15911
15895
15898
15893
15975
16011
12491
11091
11025
11046
11021
11037
11019
11040
16088
15808
15783
15798
15829
15771
15728
21813
11170
11058
11032
11073
11041
11140
11049
12204
15892
15837
15859
15847
15858
15859
19435
13759
11109
11038
11056
11027
11053
11034
11055
15806
15783
15746
15964
15816
15929
15813
16037
11140
11039
11070
11065
11060
11131
11073
14244
15942
15915
15913
15907
15923
15921
26210
16041
15987
15897
16010
15908
15897
15912
15898
15900
15922
15898
15887
15923
15889
15896
11901
11123
11043
11069
11092
11070
11041
11067
15807
15895
15760
15750
15774
15746
16001
24073
15894
15743
15785
15838
15864
15833
15943
15843
15832
15855
15844
15820
15917
15908
15987
13137
11070
11064
11040
11077
11038
11055
11221
15961
15898
15812
15798
15808
15797
15813
16034
11126
11034
11059
11027
11137
11029
11027
15262
15921
15916
15890
15902
15910
15896
26257
16030
15888
15867
15843
15872
15843
15854
15838
15842
15839
15855
15856
15899
15852
15827
13899
11104
11063
11070
11063
11033
11069
11048
15803
15741
15775
15734
15739
15735
15811
30778
15952
15794
15961
15899
16178
15933
15894
15910
15919
15916
15906
15898
15892
15903
15889
12500
11041
11041
11016
11037
11011
11048
11016
15983
15801
15955
15793
15883
16116
15914
19552
15993
15766
15847
15865
15851
15883
15844
15854
15844
15852
15855
15852
15834
15853
22059
13900
11076
11037
11083
11031
11056
11026
11058
15803
15752
15980
15759
15744
15816
15807
16023
11137
11061
11027
11046
11023
11164
11036
14130
15945
15899
23914
11163
11050
11029
11181
11169
11044
11026
16921
15819
15797
15805
15809
15796
15794
15791
15945
15790
16007
15917
11367
11072
11043
11066
11031
11061
11079
11058
15801
15766
15757
15761
15751
15757
15746
15966
11131
11068
11036
11144
11088
11042
11122
13235
15886
15837
15916
15932
15927
15913
36317
16060
15914
15901
15909
15905
15911
15919
15902
15894
15982
15919
16011
15914
15890
15915
12314
11083
11058
11042
11016
11039
11146
11047
15851
15796
15783
15790
15822
15799
15788
26203
15903
15912
15861
15849
15853
15839
15867
15846
15855
15941
15864
15840
15847
15831
15856
13896
11105
11080
11063
11038
11097
11043
11149
15804
15747
15762
15732
15846
15787
15820
17186
11143
11042
11067
11036
11061
11027
11228
14438
15922
15905
15920
15895
15954
15897
34344
12277
11054
11082
11026
11051
11034
11050
11031
15856
15789
15816
15792
15814
15777
15813
16210
11145
11043
11076
11043
11150
11061
11044
12148
15887
15881
15850
15854
15844
15853
26115
15982
15847
15878
15870
15846
15860
15839
15830
15840
15835
15987
15920
16031
15928
15917
13056
11092
11051
11032
11059
11042
11053
11025
15974
15906
15818
15830
15811
15795
15812
24873
16054
15898
16040
15904
15898
15904
15882
15900
15890
15897
15893
15896
16088
15908
15751
11351
11085
11063
11037
11062
11040
11059
11031
15945
15768
15750
15756
15740
15767
15740
15953
11131
11071
11077
11056
11032
11231
11068
15811
15829
15927
15905
15918
15910
16005
36379
16153
15923
15951
15928
15912
15916
16008
15914
15923
15918
15894
15929
15945
15915
15897
12251
11063
11044
11207
11134
11027
11015
11041
15864
15818
15798
15803
15779
15802
15820
26013
15899
15792
15853
15884
15851
15847
15845
15852
15860
15864
15852
15904
15850
15836
15847
13799
11092
11039
11064
11071
11057
11025
11080
15792
15819
15797
15831
15803
15800
15842
16933
11122
11139
11044
11017
11182
11027
11046
14456
15939
15901
15908
16105
15926
15891
26091
14416
11116
11130
11065
11078
11060
11039
11058
15820
15886
15759
15744
15764
15749
15787
15957
11144
11079
11074
11046
11068
11039
11060
13290
16126
15847
15907
15900
15910
15904
33524
16052
16012
15913
15897
15943
15902
15907
15930
15901
15891
15908
15895
15898
15896
15913
12462
11084
11033
11053
11025
11137
11034
11019
15862
15792
15829
15784
15788
15814
15800
21111
11172
11043
11071
11046
11094
11049
11063
12290
15887
15852
15846
15833
15917
15838
20517
13722
11066
11061
11120
11070
11040
11063
11030
15870
15735
15846
15805
15810
15795
15815
16021
11131
11033
11143
11035
11062
11121
11030
15860
15905
15910
15898
15898
15893
15903
26259
16030
15901
15904
15923
15902
15900
15892
15882
15958
15884
16019
15883
15894
15787
15835
14619
11098
11063
11037
11058
11069
11061
11036
15810
15766
15754
15748
15888
15757
15758
23467
16003
15845
15839
15875
15835
15850
15832
15843
15912
15918
15929
15922
15915
15920
15899
12969
11133
11056
11024
11049
11204
11140
11035
15993
15839
15806
15814
15793
15812
15794
16032
11128
11047
11028
11045
11025
11039
11017
15860
15893
15888
15917
15950
15884
16176
26084
14470
11112
11038
11061
11038
11059
11074
11062
15802
15777
15760
15755
15744
15752
15745
15884
11140
11064
11035
11176
11063
11030
11059
13222
15877
15836
15936
15910
15916
15906
31041
16042
15927
15914
15909
15900
15908
15932
15901
15895
15996
15893
15994
15901
15893
15906
12437
11085
11015
11035
11030
11062
11007
11036
15851
15791
15788
16022
15806
15885
15882
18829
15947
15912
15852
15843
15864
15842
15863
15841
15868
15882
15844
15838
15852
15840
22620
13635
11109
11060
11064
11235
11080
11036
11143
15972
15927
15813
15811
15835
15797
15817
16022
11130
11035
11053
11030
11058
11031
11073
14516
16019
15924
15901
15893
15958
21547
11198
11189
11222
11056
11022
11108
11075
15857
15791
15797
15770
15784
15741
15790
15746
15758
15898
11131
11054
11070
11041
11151
11059
11090
12492
15889
15864
15836
15862
15844
15858
13653
11111
11060
11087
11050
11057
11081
11067
15795
15922
15794
15939
15799
15952
15840
36404
15950
15901
15914
15901
15904
15897
15911
15924
15913
15900
16119
15921
15908
15894
15917
12248
11181
11027
11066
11059
11014
11031
11066
15860
15781
15794
15792
15800
15808
15767
26031
15897
15851
15864
15848
15853
15836
15859
16007
15932
15862
15849
15861
15845
15845
15837
13726
11071
11156
11071
11074
11043
11086
11034
15980
15810
15820
15805
15821
15830
15963
17550
11134
11056
11030
11047
11112
11123
11027
15867
15926
15939
15953
15941
16033
15914
34365
12187
11118
11040
11071
11144
11018
11154
11093
15852
15809
15787
15795
15775
16008
15770
15959
15882
15883
15853
15864
15831
15848
15834
15850
15873
15854
15844
15893
15851
15845
26074
15976
15867
15840
15857
15839
15841
15931
15918
15908
16039
15912
15903
15886
16111
15919
12830
11082
11122
11033
11022
11049
11020
11151
15864
15847
15796
15808
15820
15806
15784
24762
15933
15809
15888
15913
15891
15888
15875
15935
15868
15989
15846
15852
15863
15858
15877
14266
11098
11086
11060
11034
11059
11042
11068
15798
15776
15751
15768
15749
15745
15762
16026
11125
11046
11057
11214
11074
11027
11056
15870
15808
15891
15918
15930
15909
15906
36298
16036
15917
15904
15905
15884
15960
15914
16012
15896
15914
15947
15895
16080
15891
15903
12381
11088
11034
11047
11019
11070
11022
11087
15840
15800
15788
15928
15791
15881
15759
26129
15897
15845
15898
15847
15864
15838
15876
15838
15849
15875
15864
15841
15839
15832
15850
13735
11102
11050
11142
11069
11079
11074
11036
15979
15809
15827
15810
15817
15805
15812
16721
11136
11030
11053
11032
11054
11029
11059
22649
12431
11054
11065
11050
11027
11073
21361
11201
15810
15770
15754
15764
15770
15892
15759
15765
15741
15748
15761
15748
15732
15838
16084
11211
11050
11208
11079
11028
11050
11030
15796
15839
15921
15931
15916
15902
15924
18779
15977
15926
15916
15896
15902
15926
15972
15904
16029
15907
15887
15912
15889
15908
33138
12422
11038
11043
11022
11043
11011
11032
11017
15853
15794
15808
15843
15924
15778
15944
15957
11139
11063
11041
11062
11035
11079
11036
15817
15846
15859
15839
15862
15850
15859
26141
15976
15875
15840
15829
15919
15854
15844
15845
15830
15930
15904
15930
15899
15909
15896
12963
11087
11046
11020
11041
11024
11070
11021
15867
16023
15959
15800
16044
15907
15880
25865
16022
15933
15898
15901
15881
15901
15888
15902
15882
15890
15889
15898
15861
15757
15857
14424
11085
11142
11057
11031
11066
11210
11086
15811
15754
15762
15757
15748
15760
15751
15952
11126
11090
11031
11054
11092
11054
11028
13380
15875
16017
15912
15921
15925
15898
36323
16047
15927
15905
18567
15977
15920
15898
15929
15886
15925
15927
15900
15891
15954
15946
12413
11096
11068
11053
11025
11054
11025
11046
15850
15806
15789
15792
16037
15798
15897
26231
15989
15858
15856
15867
15861
15909
15861
15871
15864
15854
15862
15855
15865
15836
15852
13796
11110
11078
11076
11050
11092
11042
11066
16060
15936
15805
15958
16033
15963
15825
17009
11143
11042
11059
11034
11060
11021
11054
15872
15815
15914
15934
15906
15911
15910
26097
14424
11102
11091
11147
11060
11037
11063
11046
15817
15753
15747
15739
15757
15769
15768
15951
11130
11042
11055
11032
11055
11030
11049
15812
15901
15925
16031
15925
15911
15914
34031
16043
15912
16087
15906
15910
15899
15949
15902
15889
15906
15885
15901
15899
15902
15987
12460
11067
11041
11022
11043
11019
11040
11019
15863
15809
15806
16028
15802
15875
15867
21938
15955
22717
11159
11075
11057
11040
11141
11048
11030
15819
15761
15761
15758
15776
19508
15890
15771
15859
15963
15854
15846
15840
15918
15939
15908
15914
15909
15970
15936
16007
12936
11081
11069
11027
11083
11046
11050
11065
15860
15790
15808
15799
15817
15800
15828
26188
15942
15896
15965
15883
15995
15889
15884
15896
16083
15910
15881
15874
15782
15861
15844
14487
11096
11063
11038
11081
11033
11052
11034
15804
15754
15872
15750
15753
15748
15761
24356
15882
15980
15842
15838
15829
15831
15922
15921
15899
15929
15901
15909
15903
15905
15899
13028
11062
11027
11051
11061
11049
11021
11073
15852
15808
15792
15800
15797
15802
16039
16024
11127
11048
11034
11098
11073
11190
11087
15955
15900
15895
15984
15845
15885
15857
26126
15989
15885
15850
15855
15860
15856
15845
15856
15845
15849
15835
15849
15840
15898
15869
13473
11113
11045
11096
11047
11068
11033
11076
15971
15816
15840
15811
15795
15811
15801
31526
15954
15927
15901
15969
15920
16010
15908
16102
15916
15893
15908
15902
15892
15885
15903
12199
11087
11073
11094
11075
11078
11079
11087
15844
15905
15776
15887
15848
15773
15757
19583
11167
11039
11060
11031
11242
11069
11056
12537
15877
15878
15856
15830
15843
15832
22187
13539
11169
11061
11072
11057
11041
11053
11030
15975
15834
15834
15796
15817
15804
15809
16036
11124
11034
11046
11026
11044
11065
11132
14664
16045
15933
15905
15899
15894
15917
26263
16028
15912
15905
15889
15904
15892
15892
15873
15929
15870
15801
15846
15858
15840
15941
14433
11091
11056
11039
11068
11036
11084
11033
15810
15750
15779
15740
15759
15737
15747
24697
15881
15829
15830
15930
15977
15911
16010
15911
15898
15916
16110
15924
15897
15912
15916
12865
11048
11050
11024
11043
11022
11066
11015
15856
15837
15941
15796
15922
15901
15793
16030
11119
11045
11070
11107
11069
11088
11067
15985
15890
15772
23921
11163
11042
11053
21377
11194
11038
11144
15822
15755
15756
15787
15769
15746
15763
15742
15749
15732
15762
15741
16086
11287
11080
11026
11059
11082
11059
11028
13659
15946
16015
15920
15937
15916
15922
17848
15987
15933
15918
15926
15914
15919
15934
15914
15899
16141
15911
15915
15901
15974
34065
12234
11048
11055
11039
11043
11096
11075
11095
15848
15803
15774
15804
15783
15765
15756
15972
11146
11076
11040
11068
11034
11146
11087
12347
15905
15854
15862
15851
15855
15849
26117
15975
15860
15858
15854
15844
15859
15840
15925
15909
15921
15907
15977
15946
16017
15921
12912
11114
11033
11057
11031
11055
11030
11054
15875
15831
15794
15920
15799
15803
15778
25610
15908
15964
15932
16013
15901
15894
15892
15883
15875
15870
15881
15868
15780
15836
15863
14513
11109
11052
11067
11050
11059
11053
11066
15836
15891
15750
15745
15852
15746
15758
15954
11135
11039
11086
11039
11172
11079
11058
13330
15874
15910
15917
15911
16096
15941
36302
16040
16017
15916
15905
15919
15893
15906
15902
15932
15897
15905
15918
15898
15889
15910
12287
11086
11023
11066
11018
11121
11020
11009
15863
15787
15801
15873
15796
15786
15787
26020
15896
15788
15761
15838
15857
15846
15849
15842
15883
15955
15852
15834
15901
15840
15841
13728
11080
11056
11070
11064
11038
11062
11081
15973
15812
15813
15803
15807
15806
15839
17007
11127
11029
11128
11032
11024
11048
11022
15872
15829
15933
15906
15935
15900
15906
26086
14425
11079
11070
11220
11083
11039
11058
11036
15853
15756
15872
15760
15743
15795
15779
15948
11129
11082
11038
11052
11031
11061
11030
15805
15777
15925
16020
15914
15901
15924
33485
16093
15922
16015
15919
15928
15926
15892
15940
15902
15907
15898
15903
15900
15925
15921
12463
11065
11047
11016
11047
11011
11119
11027
15989
16052
15791
15803
15881
15824
15783
20948
11171
11871
11133
11071
11193
11078
11041
15801
15844
15866
15843
15867
15838
15903
20583
13706
11100
11092
11068
11044
11062
11034
11062
15789
15759
15946
15822
15803
15820
15798
16023
11144
11068
11027
11140
11075
11033
11059
15844
15909
15968
15920
15895
15906
15890
26282
16031
15915
15894
15903
15888
15890
15910
15890
15887
15953
15900
15970
15882
15893
15763
14608
11130
11055
11067
11034
11096
11040
11067
15807
15763
15750
15769
15759
15751
15751
24729
15877
15877
15751
15776
15753
15735
15750
15741
15745
15804
15855
15804
15815
15800
15813
16173
11115
11036
11050
11026
11069
11052
11122
14656
16038
15922
15913
15907
15887
15914
12917
11101
11024
11049
11014
11045
11032
11039
15846
15937
15803
15827
15785
15920
15819
26138
15891
15875
15866
15839
15860
15860
15857
15839
15852
15834
15856
15833
15857
15835
15845
13757
11114
11040
11059
11077
11152
11048
11033
15814
15734
15756
15825
15809
15801
15829
32618
15948
15906
15913
15895
15914
16109
15921
15897
15910
15931
15973
15898
16000
15903
15900
12436
11086
11045
11017
11043
11034
11045
11020
15872
15799
15803
15818
15789
15791
16048
20087
11181
11036
11143
11061
11035
11059
11073
15821
15852
15893
15862
15862
15846
15855
21598
13696
11103
11068
11071
11092
11044
11057
11044
15931
15747
15940
16073
15815
15821
15803
16044
11119
11056
11033
11050
11023
11046
11056
15862
15905
15932
15904
15896
15894
15965
26265
16150
15915
15889
15901
15883
15912
15928
15900
15879
15892
15884
15880
15902
15883
15868
14676
11099
11071
11036
11068
11045
11140
11178
15802
15772
15746
15758
15740
15757
15739
23772
15887
15785
15835
15846
15836
15873
15838
15836
15829
15915
15914
15972
15923
16012
15986
12928
11078
11034
11062
11025
11113
11049
11081
15859
15822
15841
15806
15799
15810
15796
16025
11123
11141
11075
11023
11052
11033
11052
15492
15914
15994
15904
15875
15912
24352
21339
11209
11184
11041
11066
11050
11068
15806
15785
15755
15874
15766
15748
15758
15744
15759
16096
11134
11042
11188
11062
11072
11089
11071
13151
15878
15832
15840
15832
15932
15904
18176
15985
16019
15914
15901
15924
15902
15917
16077
15949
15891
15911
15931
15906
15893
33610
12386
11064
11025
11073
11040
11131
11023
11015
15858
15792
15805
15791
15812
15810
15787
16034
11310
11076
11089
11044
11061
11038
11058
15823
15786
15853
15849
15834
15905
15847
26146
15980
15848
15855
15860
15857
15839
15869
15837
15847
15830
15844
15847
15917
15929
15920
13178
11105
11031
11147
11039
11029
11046
11029
15975
15929
15830
15798
15841
15797
15811
24199
11169
11018
11049
11055
11056
11018
11039
15311
15978
15897
15999
15912
15896
16109
15943
11833
11076
11114
11035
11067
11037
11053
11035
15819
15778
15763
15746
15752
15742
15750
15959
11223
11063
11039
11085
11045
11060
11226
15816
15832
15846
15830
15843
15824
15840
36279
16042
15923
15910
15904
15914
15895
15969
15911
16009
15942
15903
15907
15917
15913
15890
12499
11081
11044
11020
11215
11037
11044
11013
15856
15811
15803
15796
15925
15795
15917
26114
15928
15793
15786
15866
15844
15866
15846
15856
15867
15877
15836
15853
15834
15852
15839
13992
11075
11060
11023
11129
11081
11022
11056
15802
15755
15747
15744
15735
15806
15798
16963
11131
11054
11028
11048
11060
11040
11019
14060
15924
15995
15913
16000
16111
15921
26055
14405
11105
11056
11072
11047
11099
11042
11064
15805
15764
15747
15749
15738
15753
15762
15890
11137
11156
11090
11053
11068
11036
11055
13325
15881
16102
15925
15908
15919
15902
31844
16046
15914
15910
15910
15907
15928
15894
15966
16016
16008
15906
15890
15908
15891
15915
12421
11085
11033
11055
11022
11049
11016
11039
15845
15815
15785
15820
15785
15919
15772
19397
11173
11033
11066
11040
11057
11073
11055
25360
11235
11055
11061
11033
11055
11025
11057
15899
15753
15844
15845
15899
15894
15842
15837
15845
15920
15928
15938
17901
16001
15927
13031
11103
11032
11047
11024
11042
11061
11051
15978
15956
15808
15939
15816
15933
15807
23601
11172
11067
11045
11023
11041
11022
11039
15471
15924
15900
15900
15919
15894
15879
15909
11693
11195
11041
11140
11058
11045
11084
11044
15812
15756
15769
15762
15755
15747
15746
15961
11134
11102
11062
11031
11079
11038
11069
13017
15929
15841
15834
15856
15826
15911
36400
16043
15915
15914
15894
15908
15902
16097
15903
15908
15892
15927
15909
15894
15896
15954
12420
11075
11073
11337
11054
11023
11040
11165
15859
15789
15805
15783
15822
15790
15802
26285
15931
15884
15760
15837
15859
15858
15897
15874
15843
15861
15849
15853
15831
15851
15848
13880
11070
11089
11033
11055
11085
11050
11031
15801
15748
15752
15744
15889
15740
15928
16716
11129
11053
11033
11054
11022
11052
11019
15996
15918
15912
15932
15916
15894
15900
26091
15993
15859
15880
15839
15904
15852
15833
15855
15847
15865
15837
15852
16008
15869
15842
13647
11124
11067
11050
11067
11034
11057
11032
15977
15894
16038
15805
15928
15821
15812
29437
15941
15813
15829
15914
15918
16091
15941
15917
15898
15910
15908
15899
15893
15929
15908
12667
11065
11024
11051
11019
11041
11017
11100
15868
15806
15816
15814
15781
15736
15772
17047
11140
11069
11079
11063
17900
26153
11198
12374
15921
15842
15856
15833
15854
15873
29413
13696
11106
11046
11059
11026
11059
11032
11049
15817
15761
15818
15819
15812
15950
15809
16140
11129
11032
11053
11069
11056
11037
11075
14395
15934
15905
15907
15900
15904
15930
26259
16052
15905
15914
15954
15899
15993
15901
15896
15932
15901
15892
16092
15907
15867
15780
14598
11104
11038
11059
11184
11069
11031
11056
15817
15758
15745
15878
15749
15745
15796
23638
15886
25347
11191
11040
11065
11029
11061
11111
11248
13449
15940
15904
15918
15911
15915
13019
11159
11038
11018
11075
11047
12020
11126
15977
15801
15810
15788
15810
15796
15828
16025
11117
11021
11047
11018
11035
11013
11112
15503
16020
15924
15868
15880
15898
15884
26152
14433
11079
11068
11034
11089
11035
11064
11031
15802
15825
15761
15749
15750
15761
15897
15882
11162
11070
11076
11061
11034
11063
11027
15801
15842
15868
15935
15920
15900
15912
31870
16036
15911
15914
15923
15985
15918
16011
15923
15906
15914
15912
15906
15894
15920
16100
12254
11077
11053
11019
11047
11022
11054
11023
15856
15803
15966
15808
15914
15820
15785
20136
11187
11178
11053
11074
11085
11077
11041
15810
15835
15861
15842
15853
15833
15849
21583
13759
11074
11152
11097
11049
11157
11142
11152
15806
15762
15769
15812
15804
15815
15790
16035
11132
11067
11030
11060
11220
11070
11035
14438
15973
16025
15924
15904
15915
15906
26278
16042
15924
15903
15911
15892
15919
15922
15900
15885
15902
15905
15889
15877
16122
15877
11646
11099
11042
11081
11043
11065
11084
11074
15811
15773
15745
15767
15749
15746
15741
23808
15881
15764
15841
15873
15837
15919
15843
15830
15849
15922
15946
15919
15920
15911
15922
13040
11074
11028
11055
11029
11050
11058
11047
15852
15831
15812
15921
15792
15928
15807
16034
11126
11025
11052
11013
11042
11020
11046
15374
15926
15887
16104
15908
15898
15885
26289
16013
15776
15848
15909
15859
15847
15883
15843
15859
15855
15868
15840
15863
15832
15839
13793
11114
11036
11056
11215
11078
11036
11058
15807
15874
15747
15747
15841
15797
15805
31179
15961
15918
15912
15909
15909
15901
15943
15905
15901
15922
15917
16007
15897
15894
15964
12433
11213
11052
11022
11045
11016
11053
11016
15859
15791
15798
15794
15824
15778
15782
18792
11165
11038
11061
11034
11061
11038
11169
12289
15894
15862
21555
11157
11038
11062
17778
11190
11043
11090
15808
15770
15779
15750
15737
15745
15739
15755
15797
15962
15805
16021
13062
11084
11055
11016
11059
11023
11049
11068
15968
15797
16130
15831
15800
15794
15799
22804
11165
11036
11158
11022
11017
11044
11012
15412
15897
15895
15887
15906
15896
15884
15877
11621
11049
11067
11043
11135
11063
11064
11224
15816
15755
15880
15769
15751
15750
15743
15955
11136
11089
11084
11851
11135
11097
11051
15815
15834
15844
15844
15850
15871
15928
36305
16106
15920
16018
15920
15901
15930
15898
15924
15922
15924
15903
15944
15907
15916
15895
12400
11084
11060
11075
11052
11178
11129
11029
15971
15805
15799
15801
15802
16062
15789
25625
11223
11123
11045
11070
11051
11072
11049
15807
15906
15852
15839
15854
15842
16023
15858
13915
11109
11049
11089
11037
11062
11083
11073
15805
15762
15843
15769
15841
15749
15767
16676
11132
11066
11041
11143
11045
11026
11067
13970
15954
15921
15914
15924
15909
15901
36378
16042
15921
15906
15918
15889
15904
15892
15899
15891
15954
15899
16006
15903
15877
15911
11815
11122
11111
11109
11058
11068
11036
11069
15802
15788
15759
15761
15741
15754
15744
26048
15899
15891
15856
15987
15860
15834
15847
15868
15843
15829
15846
15842
15843
15902
15934
13327
11076
11032
11046
11098
11066
11023
11131
15988
15952
15818
15790
16062
15801
15817
21628
16014
15913
15911
15890
15969
15901
15922
15894
15901
15895
15889
15895
15969
15886
23902
11741
11077
11115
11035
11067
11038
11069
11035
15813
15781
15767
15750
15760
15746
15763
15968
11148
11045
11055
11039
11168
11056
11032
15817
15842
15859
15837
15858
15838
15845
36286
16063
15919
15934
15922
15920
15918
15928
15907
15921
16112
16000
15903
16013
15938
15903
12514
11073
11039
11022
11040
11055
11043
11019
15865
15796
15799
15799
15784
15785
15799
25770
16026
15889
16157
15892
23941
11154
11048
11072
11041
11062
11076
11062
15808
15768
15750
15886
11114
11065
11040
11079
11077
11061
11033
15919
15869
15845
15839
15842
15836
15830
13490
11102
11072
11037
11063
11038
11058
11027
15959
15793
15813
15818
15799
15791
15961
36355
16063
15903
15905
15908
15903
15927
15892
15894
15888
15904
15895
15890
15896
15894
15890
11968
11140
11097
11163
11226
11084
11176
11089
15799
15781
15762
15779
15750
15763
15755
26035
15896
15772
15839
15871
15849
15871
15837
15842
15838
15877
15832
15904
15845
15828
15848
13424
11106
11038
11060
11037
11064
11039
11060
15954
15931
15800
15838
15791
15806
15831
16947
11132
11144
11033
11026
11061
11019
11083
15002
15919
15908
15908
15873
15897
15896
15900
15980
15876
15852
15873
15873
15842
15845
15943
15929
15854
15838
15923
15852
15853
15913
13604
11120
11043
11071
11041
11060
11038
11089
15975
15825
15844
15801
15802
15823
15812
23872
11187
11168
11048
11032
11051
11034
11053
14609
15931
15895
15904
15912
15909
15892
16112
12384
11071
11032
11050
11108
11049
11022
11229
15856
15921
15804
15776
15796
15791
15758
15969
11189
11093
11073
11042
11096
11045
11071
12237
15886
15840
15857
16009
15861
15842
26062
15970
15844
15845
15828
15849
15821
15853
15861
15921
15912
15939
15907
15907
15904
15903
12984
11098
11073
11050
11021
11139
11039
11026
15873
15808
15821
15804
15816
15825
15818
26121
15933
16004
15906
15894
15895
15899
15893
15922
15904
15885
15954
15870
16000
15857
15865
14544
11095
11088
11039
11067
11041
11095
11037
15813
15755
15762
15751
15752
15775
15758
18855
15836
15837
15909
15840
15838
15848
15839
15938
15901
15948
15939
15928
15904
15927
22742
12906
11052
11043
11064
11072
11027
11060
11019
15999
15810
15932
15813
15794
15832
15783
16011
11119
11059
11025
11043
11018
11039
11011
15877
15892
15906
15882
15894
15876
16598
21291
11193
11069
11048
11089
11039
11064
15816
15768
15765
15766
15743
15764
15745
15767
15736
15886
11112
11065
11116
11151
11045
11024
11051
13555
15959
15920
15927
15933
15918
15925
13020
11084
11063
11026
11074
11030
11048
11022
15856
15811
15931
15796
15923
15804
15818
26134
15943
16052
15906
15904
15880
15903
15881
15893
15888
15916
15877
15889
15875
15881
15743
14478
11109
11150
11059
11075
11057
11030
11086
15806
15759
15745
15758
15745
15757
15789
26020
15899
15744
15846
15844
15834
15838
15826
15889
15921
16038
15914
15903
15951
15904
15911
13099
11086
11030
11179
11069
11059
11032
11054
15860
15807
15794
15802
15800
15923
16032
17254
11138
11036
11082
11024
11053
11028
11047
15459
15902
15928
15898
15897
15886
15870
32760
11409
11083
11042
11197
11101
11154
11065
11230
15825
15751
15762
15742
15762
15748
15771
15971
11153
11053
11070
11034
11060
11033
11072
13061
15880
15870
15903
15846
16054
15973
36342
16056
15925
15939
15917
16120
15928
15918
15911
15910
15897
15905
15904
15905
15894
15909
12387
11178
11048
11067
11056
11023
11045
11176
15916
15800
15823
15790
15821
15788
15806
26592
15899
15760
15862
15852
15856
15873
15858
15844
15932
15848
15836
15856
15832
15855
15843
13859
11070
11071
11040
11063
11027
11059
11033
15798
15744
15781
15736
15751
15736
15969
16040
11190
11070
11079
11059
11033
11076
11024
15871
15914
15906
17134
15946
15902
15906
36389
16041
15912
15907
15923
15983
15901
16000
15911
15882
15907
16587
15991
15885
15899
15876
11748
11108
11086
11035
11068
11043
11089
11041
15810
15780
15761
15767
15890
15767
15747
26044
15899
15761
15847
15843
15839
15843
15832
15843
15825
15842
15831
15854
15912
15900
15926
13268
11069
11129
11039
11023
11058
11062
11053
15960
15817
15807
15803
15791
15801
15796
19132
11296
11058
11024
11046
11070
11048
11015
19665
12029
11039
11046
11114
11093
11068
11096
11225
15848
15779
15760
15798
15768
15771
15763
15756
15786
15756
15750
15746
15878
15754
16108
11136
11083
11067
11064
11066
11031
11064
12944
15882
15849
15850
15851
15845
15831
24466
16039
15913
15915
15982
15919
16009
15932
15908
15913
15910
15914
15896
15904
15893
15926
12592
11067
11067
11051
11030
11064
11023
11044
15857
15957
15797
15907
15824
15788
15805
16020
11176
11073
11092
11078
11089
11058
11232
15912
15863
15851
15875
15845
15847
15845
26084
15982
15923
15872
15839
15856
15840
15847
15848
15854
15844
15860
15837
15862
15834
15850
13465
11116
11039
11070
11051
11059
11039
11147
15970
15963
15809
15803
15816
15787
15812
31730
15939
15898
15935
15897
15910
15906
15897
15886
15897
15887
15894
15899
16155
15892
15991
11979
11110
11095
11078
11095
11048
11066
11047
15825
15765
15764
15773
15763
15745
15754
19875
11159
11050
11091
11042
11144
11053
11044
12870
15872
15888
15833
15846
15874
15867
21621
13306
11093
11068
11037
11064
11033
11054
11029
15980
15802
15940
15809
15921
15818
15795
16022
11167
11059
11068
11047
11016
11052
11065
15869
15897
15908
15885
15903
15892
15912
26333
16090
15891
15999
15887
15877
15877
15751
15861
15868
15853
15829
15872
15845
15856
15832
14166
11079
11066
11223
11130
11034
11054
11032
15926
15754
15744
15753
15731
15752
15775
23053
15949
15847
15819
15820
15820
15812
15798
15811
15825
15807
15799
15804
15804
15950
15798
16070
11115
11025
11159
11063
11047
11023
11079
15076
15932
15909
15901
15895
15906
15913
12006
11120
11114
11064
11185
11070
11156
11087
15809
15787
15752
15764
15762
15792
15752
26095
15898
15763
15851
15867
15884
15865
15846
15862
15846
15957
15854
15908
15845
15846
15872
13368
11109
11080
11057
11030
11055
11029
11053
15979
16083
15817
15806
15810
15804
15810
30670
15941
22166
12474
11039
11077
11025
11047
11059
11052
11013
15863
15796
15803
15786
15827
16173
11102
11065
11090
11066
11085
11059
11178
15915
15879
15882
15845
15863
15893
15860
19948
15943
15839
15871
15840
15867
15852
15863
15852
15850
15874
15840
15838
15845
15834
21822
13462
11080
11061
11077
11064
11034
11066
11033
15971
15796
15835
15822
15799
15783
15800
16022
11129
11032
11049
11029
11161
11036
11023
14902
15919
15910
15902
15906
15881
15936
26405
16029
15921
15905
15892
16001
15900
15881
15881
15896
15865
15796
15842
15905
15879
15843
14363
11192
11075
11045
11072
11092
11069
11050
15815
15753
15762
15751
15745
15756
15761
23577
15884
15847
15903
15865
16017
15922
15907
15917
15902
15922
15921
15928
15908
15917
15908
12853
11063
11052
11031
11052
11027
11087
11036
15996
15938
15933
15814
15795
15800
15799
16019
11126
11056
11032
11046
11071
11090
11065
15847
15898
15885
15773
15853
15840
16023
26098
16038
15858
15840
15856
15835
15852
15870
15855
15836
15841
15893
15847
15833
15839
15842
13536
11112
11061
11036
11082
11039
11141
11041
16023
15821
15841
16068
15808
15818
15805
31196
15937
15819
15902
15909
15921
15919
15927
15909
15899
15915
15909
15967
15891
15984
15904
12264
11087
11012
11040
11061
11096
11070
11098
15851
15799
15782
15761
15786
15758
15753
19007
11180
11060
11039
11130
11061
11037
11081
12439
15895
15876
15867
15842
15872
15956
22518
13607
11099
11039
11051
11035
11077
11032
11056
15968
16054
15812
15940
15843
15805
15812
16028
11125
11029
11046
11023
11053
11019
11069
14562
15926
15924
15904
15889
15906
15891
26251
16037
16176
15919
15898
15907
15891
15894
15889
15893
15885
15877
15874
15888
15852
15863
14516
11108
11043
11057
11040
11058
11038
11178
15810
15865
15769
15749
15763
15759
15766
23707
15877
15834
15865
15848
15844
15935
15921
15907
15927
15910
18934
11122
11165
11041
11022
11185
11031
11056
15973
15818
15796
15807
16066
15816
15894
15910
15923
15906
15893
15892
12117
11085
11033
11220
11079
11172
11091
11058
15849
15788
15789
15748
15768
15790
15852
26117
15911
15845
15854
15851
15847
15839
15853
15842
15868
15839
15896
15834
15826
15859
15828
13585
11083
11072
11079
11067
11040
11084
11040
15978
15796
15808
15796
15807
15828
15817
22687
11243
11052
11049
11054
11033
11046
11029
15855
15830
15817
15889
15941
15940
15901
23846
12078
11046
11071
11116
11096
11084
11186
11069
15982
15812
15780
15761
15748
15997
15768
15974
11148
11098
11045
11069
11033
11064
11038
15805
15879
15860
15852
15875
15846
15911
26150
15984
15855
15843
15867
15841
15928
16110
15936
15921
15922
15916
15922
15908
15916
15929
12807
11080
11050
11023
11135
11033
11049
11049
15863
15847
15801
15811
15833
15799
15788
24727
15915
15798
15901
16073
15896
15899
15893
15911
15875
15760
15840
15898
15861
15848
15882
14245
11107
11082
11061
11042
11058
11035
11059
15801
15785
15752
15751
15747
15758
15751
15950
11124
11146
11051
11032
11081
11027
11059
15870
15818
15819
15918
15898
15918
15917
36310
16037
15915
15898
15894
15886
15906
15880
15965
15898
16023
15907
15899
16106
15921
15897
12332
11077
11015
11039
11015
11130
11068
11093
15845
15803
15791
15795
15732
15766
15752
26022
15883
15835
15890
15843
15864
15844
15863
15843
15857
16007
15870
15869
15848
15934
15845
13512
11086
11029
11054
11030
11174
11038
11027
15985
15911
15922
15798
15824
15797
15813
16692
11123
11028
11046
11014
11034
11015
11038
14676
15913
15898
15979
15898
15998
15917
36270
16039
15897
15902
15887
15914
15907
15896
15877
15885
15872
15871
15756
15851
15835
15868
14365
11117
11128
11271
11107
11047
11075
11176
15856
15753
15758
15779
15756
15735
15760
26052
15895
15836
15900
15865
19237
11148
11065
11038
11177
11045
11041
11060
15961
15930
15913
16341
11130
11059
11036
11058
11030
11053
11029
15869
15905
15907
15926
15897
15897
15982
21726
16116
15900
15891
15916
15891
15926
15890
15876
15760
15861
15835
15862
15954
15875
19319
14141
11121
11075
11040
11100
11041
11143
11068
15814
15759
15744
15776
15750
15758
15743
15948
11132
11061
11038
11058
11029
11226
11051
15858
15905
15926
15897
15963
15927
16014
36299
16042
15936
15906
15912
15896
15905
15894
15908
15902
15899
16018
15927
15900
15899
16177
12191
11067
11188
11076
11166
11093
11065
11118
15838
15755
15750
15761
15756
15780
15744
25664
15862
15790
15753
15762
15768
15760
15741
15760
15739
15868
15753
15771
15765
15740
15756
15880
11113
11050
11060
11026
11054
11024
11072
13688
15940
15933
15910
15915
15913
15903
12875
11083
11072
11049
11025
11049
11021
11045
15863
15811
15792
15806
16022
15819
15901
26265
16047
15922
15897
15900
15894
15961
15884
16017
15883
15753
15895
15854
15866
15845
15860
14268
11118
11075
11061
11040
11238
11073
11067
15805
15760
15748
15749
15744
15889
15761
26102
15891
15838
15855
15855
15852
15909
15917
15932
15912
15904
15936
15957
15905
15897
15908
12898
11079
11208
11147
11028
11029
11052
11028
15864
15798
15815
15797
15805
15827
15859
16721
11131
11026
11047
11068
11089
11064
11109
15866
15953
15863
15885
15859
15845
15862
26081
15984
15845
15864
15885
15864
15843
15887
15858
15862
15854
15860
15844
15846
15862
15857
13662
11200
11056
11035
11053
11032
11053
11034
15992
15805
15815
16037
15849
15906
15917
34224
16041
15908
15905
15938
15923
15896
15959
15897
16012
15894
15895
15902
15892
15917
15908
12258
11094
11056
11021
11103
11076
11095
11074
16066
15829
15800
15742
15871
15751
15888
22290
15846
15769
15844
15879
15843
15866
15867
15859
15843
15854
15848
15847
15843
20478
11198
11193
11039
11064
11044
11144
11055
16022
15824
15806
15861
15817
15827
15838
15812
15798
16174
11126
11058
11033
11082
11032
11045
11025
14694
15911
15965
15900
15992
15899
16088
26242
16035
15901
15917
15894
15882
15877
15879
15885
15857
15786
15865
15854
15839
15849
15836
14230
11077
11149
11059
11077
11065
11036
11088
15810
15757
15747
15766
15748
15750
15742
15890
11125
11071
11031
11051
11031
11056
11038
13615
15950
16035
15919
15898
15940
15915
36356
16051
15936
15915
15904
17145
15951
15905
15902
15903
15909
15901
15914
15906
15960
15903
12211
11084
11022
11071
11070
11101
11065
11105
15847
15802
15807
15761
15754
15766
15745
26024
15897
15771
15842
15861
16012
15917
15846
15843
15881
15837
15850
15849
15847
15831
15855
13587
11106
11032
11054
11030
11054
11023
11053
15972
15815
15828
15941
15815
16143
15819
18922
15987
15911
15909
15926
15908
15932
15903
15900
15908
15912
15896
15902
15900
15892
19390
12047
11137
11098
11208
11106
11062
11104
11065
15861
15784
15801
15753
15766
15754
15761
15958
11137
11036
11061
11027
11057
11081
11058
12478
15947
15853
15862
15866
15842
15859
26072
15974
15839
15852
15832
15847
15920
15929
15914
15907
15905
16105
15926
15899
15902
15998
12793
11092
11042
11025
11047
11023
11076
11024
15862
15790
15811
15808
15800
15789
15803
25474
15915
15885
15886
16099
15986
15882
15988
15885
15870
15761
15831
15884
15855
15859
15850
14230
11092
11077
11044
11065
11042
11088
11040
15890
15778
15773
15748
15882
15759
15740
15956
11301
11091
11052
11063
11043
11063
11040
15865
15799
15817
15805
15825
15795
15815
36415
15938
15908
15960
15894
16003
15904
15913
15904
15897
15921
15891
15905
15889
15904
15899
12264
11078
11071
11028
11100
11128
11102
11074
15974
15779
15912
15748
15782
15758
15750
26025
15894
15764
15842
15864
15852
15857
15871
21761
11156
11069
11085
11062
11035
11066
11038
16194
11121
11086
11062
11036
11060
11028
11051
15865
15814
15803
15814
15839
15818
15817
16993
11126
11053
11039
11052
11023
11127
11030
14717
15938
15923
15917
15913
15924
15914
26075
14403
11103
11082
11058
11044
11096
11035
11058
15808
15756
15751
15765
15770
15879
15764
15959
11143
11044
11061
11033
11059
11025
11055
15825
15768
15908
15948
15923
15977
15912
34169
16044
15926
15932
15999
15918
16026
15917
15912
15911
15898
15908
15899
16198
15914
15921
12467
11102
11017
11036
11020
11037
11021
11042
15876
15949
15794
15920
15794
15779
15795
21380
11169
11039
11089
11049
11070
11078
11068
12256
15891
15846
15848
15844
15847
15881
19916
13737
11196
11062
11030
11060
11033
11057
11038
15812
15855
15819
15838
15807
15792
15821
16020
11123
11040
11075
11028
11057
11029
11125
14386
16032
15909
15914
15906
15893
15925
26270
16030
15929
15902
15881
15903
15902
15907
15885
15910
15883
15895
15873
15948
15874
15871
14670
11103
11061
11211
11092
11072
11071
11162
15817
15740
15757
15777
15756
15737
15779
23609
15881
15836
15853
15834
15896
15840
15835
15853
15844
15920
15902
16081
15916
15901
15901
13040
11070
