Drift time (us)
-98952
109
122
130
127
153
130
144
190
187
166
172
166
170
98
135
123
153
115
151
150
204
160
173
165
167
158
162
280
113
157
148
149
120
149
134
158
174
182
140
177
139
181
176
172
114
125
146
126
140
140
141
186
157
151
174
153
157
152
169
109
140
118
145
127
122
145
134
196
159
195
160
182
158
309
167
162
165
168
166
175
159
169
148
175
151
162
166
176
173
189
107
118
131
133
125
130
149
183
152
159
168
157
153
145
403
177
152
160
188
185
175
183
155
169
175
158
160
181
157
182
174
124
124
120
135
124
116
137
185
153
157
167
150
162
159
187
151
152
152
154
159
155
155
157
164
148
155
148
158
157
156
156
147
161
164
180
155
177
160
170
156
186
157
172
155
162
173
95
111
140
138
138
129
139
192
158
149
157
157
155
147
336
167
147
158
153
144
152
186
159
185
134
202
186
192
184
165
162
113
129
127
150
129
151
127
188
146
144
160
156
155
155
283
158
177
158
178
148
180
160
176
161
176
164
180
162
182
156
170
105
130
126
129
117
142
234
184
156
157
161
169
158
160
168
118
144
132
144
132
149
118
179
146
183
159
190
139
185
263
167
171
153
149
169
172
161
171
161
177
161
176
159
161
154
190
107
123
121
156
137
160
151
195
154
181
158
165
156
155
446
168
181
159
163
158
315
164
177
157
181
150
193
184
181
194
169
131
126
147
137
129
126
142
181
154
153
154
152
161
146
178
132
154
147
161
155
154
155
170
153
164
162
155
151
151
154
156
154
151
175
157
163
141
178
175
188
172
176
192
112
139
152
133
114
149
123
180
151
159
156
157
153
159
154
168
136
411
167
181
157
168
151
152
174
162
185
166
180
164
188
157
186
172
112
121
160
114
151
149
150
190
173
150
150
160
165
163
174
121
128
133
136
122
127
137
163
180
143
185
178
176
177
1639
170
111
132
133
123
135
137
132
186
162
149
153
153
145
186
185
105
119
146
140
121
151
139
183
162
153
166
156
162
175
378
166
157
160
158
177
157
173
145
180
174
159
175
175
182
168
155
107
128
129
166
130
153
148
181
153
147
151
160
145
158
612
149
134
158
163
166
168
164
159
165
163
163
155
164
157
158
157
148
160
156
204
143
189
170
174
173
161
170
175
174
168
185
108
151
134
150
130
152
127
186
151
149
139
157
172
162
309
173
156
154
177
149
178
165
147
161
180
160
177
165
196
164
170
102
129
116
143
143
131
144
191
159
152
157
159
167
163
441
172
155
163
156
165
164
161
155
139
155
156
159
160
155
158
165
108
117
131
123
146
125
145
183
167
157
172
157
159
143
154
99
155
130
129
124
127
149
185
163
153
155
154
154
152
342
162
174
153
163
153
172
141
189
181
176
157
164
177
145
177
185
99
115
144
122
127
128
146
187
153
151
154
138
155
153
391
168
167
147
164
174
155
178
159
178
158
156
154
179
156
178
161
112
122
153
159
129
148
115
185
159
160
158
176
151
207
418
100
127
129
132
142
127
156
158
189
146
166
156
185
181
172
161
102
134
125
163
128
144
126
184
170
155
154
146
149
160
154
111
149
154
151
136
148
138
148
183
149
161
180
152
177
347
169
150
159
161
159
142
175
180
186
162
179
198
168
183
163
170
99
130
127
141
126
156
125
182
159
194
154
156
142
155
265
173
180
157
184
147
183
166
190
157
146
178
167
158
176
155
173
104
132
117
152
144
156
153
189
153
149
155
170
156
161
160
119
150
117
157
125
154
124
154
164
180
201
159
178
185
642
168
120
124
142
131
145
130
147
179
150
158
155
157
160
157
187
97
120
143
147
130
136
145
189
189
165
172
160
156
164
438
168
166
161
181
159
169
143
176
176
179
158
178
173
172
179
157
112
124
154
130
129
131
154
180
159
151
166
134
161
296
169
146
178
160
164
194
162
174
158
134
158
152
160
184
164
185
173
113
122
141
114
131
147
151
182
166
155
166
160
157
157
183
116
129
146
140
128
117
149
162
170
142
176
176
178
173
344
165
163
157
164
149
161
180
166
180
165
176
181
181
271
190
180
125
119
143
156
131
145
134
183
158
150
161
159
161
157
451
166
158
152
158
152
153
165
148
157
153
157
166
158
162
166
174
112
131
131
149
128
151
130
152
183
159
161
182
145
167
238
106
129
127
148
132
154
135
184
157
165
164
166
158
304
122
185
117
123
126
144
121
141
137
181
159
151
162
178
146
163
354
171
150
163
186
149
190
163
185
163
172
150
166
176
176
176
159
114
120
151
129
147
131
135
182
152
149
158
151
155
151
304
133
133
164
176
151
195
174
169
174
160
176
156
282
42
172
165
101
125
140
125
144
123
135
162
159
157
149
155
163
183
181
113
129
148
130
139
128
143
185
185
152
169
151
162
139
308
170
172
157
177
179
161
177
163
178
163
157
158
175
158
173
190
110
114
139
119
152
121
158
189
155
162
171
160
168
160
500
169
148
163
156
188
158
185
160
180
156
158
145
182
183
188
169
105
128
131
151
127
145
126
185
146
161
155
158
170
160
204
94
116
131
148
152
148
135
149
159
171
163
175
156
173
157
157
100
128
130
161
126
125
117
187
158
155
162
154
150
164
160
155
116
124
142
126
140
124
142
175
153
157
156
153
186
227
165
175
155
164
149
189
162
184
164
184
166
190
153
171
156
160
105
121
122
150
119
154
152
185
177
150
181
165
159
162
306
156
175
160
157
146
181
158
185
154
179
135
185
177
183
176
169
162
86
142
133
132
132
141
185
163
152
164
160
155
157
165
106
123
114
118
128
146
152
134
203
162
157
162
185
166
292
170
168
161
173
154
177
152
176
213
115
131
158
153
139
150
130
184
149
172
161
142
161
179
166
148
160
184
153
185
145
459
151
312
170
184
179
157
176
166
184
162
165
167
189
160
184
179
132
128
158
125
128
117
146
191
155
161
170
163
171
158
188
116
125
125
128
148
135
145
183
180
145
180
143
176
178
361
168
169
168
168
157
174
183
155
164
163
198
156
175
168
181
372
124
126
143
117
142
145
140
201
163
148
167
155
160
158
444
169
151
150
158
450
148
158
151
162
145
163
161
156
160
157
156
117
126
129
130
130
148
130
162
175
156
162
175
157
175
157
102
150
134
147
124
136
129
186
138
159
157
196
151
159
402
169
149
159
161
178
157
183
143
191
185
162
168
160
185
160
186
107
123
127
144
131
132
129
181
152
156
151
151
143
154
382
164
149
147
169
161
172
157
170
154
170
159
163
159
173
157
162
98
130
115
132
127
162
132
191
151
168
155
160
155
212
400
144
155
152
182
157
184
154
180
146
183
144
167
184
187
147
170
126
123
157
127
132
127
138
182
156
160
156
157
157
153
189
102
126
154
158
126
134
149
171
175
147
179
147
179
163
344
166
154
155
193
146
180
145
164
182
182
159
181
310
57
175
174
127
123
148
125
147
126
127
185
154
158
162
149
164
143
347
163
152
163
163
147
161
187
170
168
158
173
163
172
168
174
171
135
142
148
114
152
129
156
200
155
151
173
163
166
168
154
117
128
137
124
128
129
152
188
181
147
154
181
198
313
224
172
162
143
160
179
162
181
175
186
152
153
163
189
161
187
185
106
117
144
147
126
148
136
189
158
160
164
160
156
162
430
162
148
161
147
160
157
162
145
172
178
163
180
179
164
171
154
115
131
134
151
129
152
131
165
157
160
155
154
192
107
348
143
158
151
171
163
154
162
159
153
157
156
155
156
182
152
166
147
159
150
188
144
189
163
162
167
172
189
167
173
166
184
110
148
131
135
126
147
128
183
143
143
140
160
163
156
339
165
174
153
179
143
211
162
178
167
175
179
310
35
180
160
176
99
149
109
139
156
139
149
193
151
151
167
159
160
154
254
174
154
163
154
164
161
158
162
142
171
161
158
173
173
180
175
140
122
149
139
164
132
111
183
158
159
155
153
164
146
152
112
162
134
131
132
128
132
188
181
173
185
165
163
277
158
174
174
158
186
170
182
144
185
189
182
156
166
181
168
187
185
102
119
131
126
131
130
149
186
166
168
162
145
153
158
285
170
168
159
163
176
158
176
162
162
154
163
159
178
163
190
167
116
119
132
132
129
151
137
182
162
159
164
158
386
-69
179
151
159
164
162
176
167
181
161
185
144
169
181
186
196
166
176
111
123
135
145
126
141
125
186
145
136
218
142
121
113
133
126
122
147
189
146
167
166
152
163
139
158
156
156
153
429
176
137
158
154
155
143
180
173
194
177
178
183
161
300
168
162
102
129
146
140
129
133
129
187
150
143
153
155
140
153
163
112
150
129
126
119
146
127
151
177
186
158
164
155
165
5639
169
101
135
125
145
118
137
143
184
154
145
154
164
173
156
158
106
119
130
147
127
146
127
149
174
163
143
163
169
172
360
169
170
156
179
160
174
170
155
160
180
160
175
160
188
154
162
89
128
156
161
129
134
154
192
163
158
160
164
161
157
528
100
145
129
131
126
143
139
150
157
186
170
192
196
171
183
161
132
128
146
133
135
130
148
184
155
152
179
147
157
144
196
118
156
147
136
152
134
150
189
182
143
181
159
175
159
296
171
174
165
186
145
161
177
176
176
180
181
171
160
284
80
169
126
120
145
125
143
128
148
187
159
153
159
136
160
160
330
168
156
156
168
160
161
188
160
167
157
169
160
141
158
171
183
95
116
153
148
156
149
139
194
165
149
159
160
161
156
206
125
126
135
140
126
118
156
114
199
179
181
193
175
181
437
167
106
125
130
138
133
143
125
190
155
147
155
154
150
157
145
116
120
124
161
122
143
131
145
177
182
164
168
158
169
372
169
152
155
152
155
143
170
176
169
170
150
173
165
177
158
155
110
131
130
170
141
146
126
183
148
161
141
154
158
167
541
153
162
159
160
170
163
166
161
168
167
161
141
159
155
155
157
134
165
142
172
157
187
186
145
176
169
171
164
170
172
190
111
132
131
152
137
150
126
181
154
145
158
158
157
161
376
170
178
155
176
153
177
169
160
162
178
166
183
155
182
154
170
92
128
146
145
144
138
142
189
162
142
162
161
176
157
416
182
157
159
204
162
187
141
175
175
174
174
172
170
165
161
171
135
123
158
132
150
134
148
188
154
159
156
143
162
160
273
111
132
143
135
127
132
154
180
176
161
179
164
320
167
173
172
155
150
214
138
176
181
183
181
161
148
158
179
160
180
183
99
114
153
126
133
127
143
179
154
147
155
155
154
155
381
163
145
157
169
168
159
174
158
169
156
166
155
180
151
159
167
108
132
167
149
140
133
139
186
154
153
157
207
104
155
205
146
154
148
155
160
153
153
139
161
160
167
160
170
154
159
156
148
159
157
185
159
194
156
168
160
169
156
170
143
179
190
110
149
132
125
123
150
125
179
150
146
157
160
168
156
332
162
130
155
143
152
180
177
181
177
158
168
173
163
184
162
165
108
126
129
141
129
153
125
183
150
144
149
153
158
156
341
171
156
157
157
152
158
159
157
153
157
155
162
157
182
149
151
98
134
147
117
152
137
156
190
173
155
175
157
181
448
127
122
155
127
157
126
156
167
160
165
157
161
159
161
217
260
170
136
154
180
163
184
160
185
156
187
158
186
158
183
141
157
110
124
148
139
130
130
132
189
156
161
154
158
163
159
358
121
149
125
165
116
129
154
161
198
177
158
164
171
159
174
172
118
125
133
128
129
129
131
176
160
137
160
156
157
155
232
38
130
154
132
143
138
139
189
184
138
181
158
170
152
249
173
183
141
168
146
188
189
146
207
162
168
167
174
163
173
190
105
114
142
126
153
129
152
168
159
146
158
160
162
159
297
167
143
161
165
154
164
184
163
194
160
181
158
181
143
306
121
125
132
142
146
140
140
132
184
159
149
160
159
153
164
186
150
153
167
155
157
145
187
189
175
183
173
176
167
169
157
158
111
133
143
151
130
128
129
186
160
150
142
157
175
154
185
160
176
166
178
149
176
162
178
162
177
162
161
157
175
496
174
146
157
145
179
178
181
180
166
184
153
182
163
195
142
154
109
120
132
147
130
142
132
177
141
155
158
158
169
171
443
159
174
158
149
162
177
165
179
166
185
161
175
159
163
142
177
115
135
152
141
130
134
131
201
165
161
155
527
145
160
719
109
154
129
141
120
143
120
145
198
142
182
164
193
155
263
167
183
162
162
137
170
156
158
156
158
151
165
143
173
169
190
101
115
165
129
130
132
149
211
142
115
151
128
152
127
341
186
145
135
180
156
179
181
181
310
202
188
148
181
161
179
180
123
126
156
129
133
130
146
180
200
139
148
159
157
161
189
113
130
116
125
128
129
152
187
179
164
177
154
177
159
321
156
170
161
190
176
173
174
166
153
156
155
157
182
162
178
170
116
117
143
121
125
119
145
185
161
166
168
165
171
159
307
170
147
158
164
187
166
182
159
181
159
157
156
184
145
192
169
134
128
137
133
124
151
131
188
149
165
164
157
161
162
173
112
125
133
116
152
131
158
153
177
177
171
179
165
180
2179
165
142
125
127
120
126
140
126
180
146
155
144
158
161
150
178
121
123
132
147
130
118
125
131
175
153
156
169
153
170
357
167
134
157
172
145
176
172
176
173
175
165
161
162
173
157
157
107
132
130
152
127
153
123
187
160
150
161
172
167
162
403
67
155
167
184
152
181
171
180
160
181
155
161
161
186
135
159
130
122
146
137
151
130
137
184
160
152
163
158
159
151
186
106
133
128
153
119
148
167
159
189
178
178
163
172
160
303
171
173
164
182
161
181
159
170
150
178
148
184
180
184
296
243
109
118
145
130
127
152
154
184
144
159
164
162
174
161
420
163
187
139
187
188
191
189
167
174
164
160
167
170
171
173
173
133
121
153
128
130
127
164
163
153
158
159
163
169
162
154
117
137
133
127
154
133
135
192
180
143
154
155
182
146
406
144
127
132
144
127
145
144
125
184
156
163
165
162
169
164
181
111
117
144
125
147
117
149
163
179
153
176
176
170
170
387
171
155
160
165
155
160
163
164
170
160
173
149
177
174
194
154
108
135
131
150
132
155
131
186
150
159
163
163
162
216
265
98
129
126
114
135
134
141
144
182
178
166
180
162
170
165
172
87
132
128
142
126
142
121
180
136
144
157
152
152
151
186
121
141
126
128
120
131
126
148
167
170
159
172
155
148
291
163
165
155
168
174
171
160
173
155
169
152
168
165
175
157
156
96
158
88
137
123
142
121
183
150
155
156
168
162
161
339
166
145
157
179
160
180
159
186
158
167
159
192
139
175
180
161
132
125
147
132
127
135
147
184
170
155
158
153
151
167
170
106
154
115
154
152
159
151
137
195
145
177
158
154
164
290
150
191
158
177
210
182
158
183
158
185
144
176
184
184
184
161
110
116
123
126
145
129
130
185
157
160
164
161
166
158
358
155
154
156
170
154
179
174
175
159
163
177
161
176
159
179
170
135
120
149
128
151
121
154
186
156
147
159
181
169
185
282
150
265
128
159
151
163
183
161
182
161
188
155
181
144
189
171
130
132
127
147
125
153
132
184
152
151
152
157
160
163
187
116
125
148
115
128
144
153
150
181
177
686
120
136
150
310
136
123
132
183
151
156
163
155
156
139
157
179
157
181
166
540
108
128
130
143
136
135
129
187
154
164
158
161
159
161
184
104
109
150
134
134
153
134
148
180
153
163
164
163
166
300
165
146
157
150
154
152
163
139
175
133
175
174
177
178
172
181
109
116
123
148
130
136
126
182
147
141
154
167
144
160
407
168
174
157
181
149
179
162
178
162
177
168
180
166
185
161
164
101
126
120
142
118
148
146
187
158
149
159
166
157
160
411
121
148
134
153
126
149
134
156
172
176
147
175
178
175
223
154
112
127
154
128
162
130
156
183
160
166
165
167
161
164
157
138
61
112
139
132
141
142
150
194
168
182
164
184
163
341
176
177
166
184
164
165
159
188
134
195
152
173
145
173
178
161
111
124
150
134
127
131
150
185
174
159
159
159
161
143
299
159
173
180
176
186
172
181
164
182
160
154
163
178
163
318
357
108
129
142
126
130
118
140
196
151
163
170
159
164
157
193
110
127
127
123
156
127
140
185
176
150
164
139
172
168
322
167
162
157
159
148
160
174
160
160
157
176
162
159
151
175
168
109
122
154
162
168
151
136
188
162
144
162
153
158
164
521
164
149
164
156
155
154
180
155
163
139
183
185
189
188
164
166
101
130
127
135
127
147
126
187
152
149
157
152
148
166
172
106
151
133
148
149
148
128
151
163
189
156
173
157
173
3066
165
100
127
128
143
123
143
115
184
151
145
154
162
158
159
182
115
115
131
150
123
148
131
147
174
172
153
173
141
174
380
171
168
156
176
168
174
160
162
164
179
158
181
160
173
164
161
98
134
120
154
129
154
151
191
169
177
157
164
154
148
450
102
147
138
131
127
147
131
145
174
190
142
185
185
190
141
176
129
127
123
133
136
127
149
208
153
163
157
157
162
156
189
99
151
148
156
135
138
154
166
178
146
183
156
160
152
373
171
169
162
184
151
179
144
183
181
181
166
181
187
271
68
176
127
122
141
127
125
133
143
186
158
153
159
158
162
144
238
166
184
164
166
152
164
190
162
182
164
161
157
174
158
171
165
136
126
150
118
152
163
159
186
165
154
167
156
162
157
161
122
132
130
131
135
128
150
162
180
143
161
186
184
179
473
172
107
132
132
144
134
139
134
185
159
144
158
156
157
161
160
121
115
146
129
126
146
136
150
179
190
146
171
156
166
417
168
155
158
154
175
156
171
144
177
177
151
175
175
173
165
170
112
129
134
155
131
149
131
182
154
162
149
154
136
159
615
151
176
161
180
171
177
172
176
168
192
164
184
157
176
159
172
104
128
124
144
114
146
144
181
163
157
161
174
147
157
186
113
143
131
147
135
146
138
153
183
152
145
179
179
760
286
137
150
129
152
120
137
184
160
159
162
160
161
164
162
157
162
110
133
115
145
145
142
143
134
206
154
183
158
187
164
173
110
131
132
149
131
132
125
190
137
167
159
159
165
159
291
171
170
154
172
163
171
162
149
162
186
160
176
159
173
143
190
103
120
135
137
127
130
153
187
149
153
152
142
161
194
408
168
175
155
180
152
184
140
181
186
200
148
165
185
155
182
171
127
139
129
127
128
132
144
182
154
153
157
142
158
157
191
105
132
127
124
153
356
143
184
168
155
202
155
208
153
164
166
117
114
132
156
157
155
142
186
161
156
162
158
153
156
187
149
143
182
164
180
155
182
154
164
139
192
185
193
161
366
168
150
158
164
153
165
140
154
171
158
172
159
172
157
185
169
108
130
156
153
133
152
150
190
159
150
156
153
160
159
456
154
144
162
146
158
147
184
183
179
177
183
191
164
182
179
155
103
120
126
141
128
142
124
181
153
146
151
159
140
157
182
114
153
135
139
119
146
131
182
147
171
160
161
156
170
289
164
146
155
142
173
172
177
176
174
162
161
157
161
173
158
158
99
129
127
153
128
153
125
184
138
156
161
157
213
153
307
170
178
167
184
168
185
164
183
157
147
160
184
154
184
153
169
94
132
151
155
141
131
148
183
164
168
161
174
160
139
420
112
152
131
149
126
151
120
462
210
98
141
132
152
135
2222
132
194
150
152
148
170
156
156
161
159
151
160
155
156
138
181
114
125
147
135
147
134
160
178
183
150
169
157
171
158
211
153
179
156
180
140
170
173
180
152
176
174
171
155
165
168
157
119
129
150
133
154
127
163
180
165
142
173
162
166
159
238
115
115
143
131
131
131
148
190
176
163
198
162
162
149
345
170
166
143
192
162
187
191
174
188
166
156
171
172
167
172
165
113
124
148
136
131
121
156
169
156
154
153
179
177
178
331
167
176
166
167
181
166
180
164
180
165
161
161
176
253
151
151
123
130
140
146
131
144
127
181
153
176
156
154
157
154
182
117
128
148
126
129
114
147
149
206
155
168
166
161
169
339
170
149
157
158
153
163
170
163
170
156
161
139
172
171
174
190
107
118
131
150
136
150
131
180
158
145
157
152
160
176
546
177
151
162
143
151
179
185
164
145
194
154
180
155
180
160
167
98
135
126
145
117
142
127
199
131
139
157
154
155
154
174
119
148
129
152
115
149
122
186
147
186
168
171
158
174
3004
168
88
136
140
147
145
133
144
191
156
148
152
154
165
154
188
108
123
128
146
126
145
116
186
178
165
167
173
177
157
379
167
155
158
170
162
169
164
177
164
177
158
177
146
166
195
158
116
128
155
132
128
128
151
183
151
159
156
160
182
160
550
152
203
106
141
115
146
152
143
148
197
152
159
163
162
163
161
144
151
206
152
172
162
204
143
175
141
179
174
172
175
191
107
130
150
138
137
128
126
179
156
140
165
156
162
161
352
154
176
165
178
152
185
182
172
181
159
178
161
265
163
180
167
126
118
141
124
142
124
142
165
150
149
160
174
167
158
439
160
148
155
154
152
158
169
157
171
159
168
155
172
146
172
171
132
130
135
132
129
146
127
172
150
141
159
167
158
160
750
107
126
130
120
128
141
140
146
206
173
207
174
162
181
259
171
157
160
158
167
160
183
161
188
151
157
142
198
187
190
162
117
124
136
144
125
144
133
186
155
167
156
162
155
158
372
163
124
165
177
152
181
159
176
164
179
154
190
165
180
163
158
104
129
130
143
125
139
120
183
154
164
160
157
153
172
199
107
150
131
144
134
147
135
142
180
185
161
183
156
186
141
165
131
129
137
135
152
134
144
184
165
164
158
160
155
162
190
111
147
129
152
118
141
151
157
179
146
182
171
174
161
338
167
176
160
177
150
190
165
181
169
178
394
13
135
180
166
181
131
120
125
134
141
143
141
185
157
151
160
158
160
160
348
170
180
140
159
168
175
170
142
174
167
172
163
174
166
174
177
136
126
150
132
150
131
153
165
152
146
166
162
161
165
471
97
134
132
130
127
129
140
189
182
259
152
117
144
129
234
126
138
131
182
163
167
166
163
158
173
150
159
161
161
157
170
107
126
146
125
127
116
145
151
206
169
170
173
163
165
277
147
151
153
155
170
156
154
153
168
151
174
141
154
169
174
164
115
121
127
159
125
129
127
181
149
153
155
211
152
171
181
111
107
135
115
138
144
114
145
172
149
159
177
158
177
331
171
153
151
156
154
157
188
156
164
139
175
169
162
174
189
161
104
133
126
153
130
152
126
191
146
142
160
157
158
162
307
146
183
169
184
151
182
166
178
161
181
161
185
270
84
161
152
103
131
127
144
124
130
115
189
156
143
163
169
160
169
190
112
147
133
158
127
120
130
149
178
171
157
173
131
175
354
167
169
156
181
164
181
160
159
172
172
158
158
152
185
161
186
103
125
118
162
130
161
152
198
155
168
162
155
162
234
366
170
143
154
181
158
185
158
179
155
187
140
185
193
191
184
175
105
125
118
133
129
128
133
183
163
161
161
158
163
161
171
100
155
138
148
149
137
152
183
156
159
176
143
177
164
2826
165
123
125
154
118
143
127
140
169
160
161
163
164
163
172
186
113
115
144
129
146
128
141
181
136
152
191
144
173
141
358
162
166
160
187
151
169
171
165
168
165
172
162
173
158
164
158
114
128
150
118
152
149
157
184
153
149
166
155
168
148
506
101
144
123
129
149
121
142
178
187
153
182
138
185
188
163
173
106
115
134
140
133
146
131
189
159
153
157
162
159
162
186
119
110
146
150
138
152
135
178
166
178
161
175
167
177
302
167
157
161
159
179
156
167
147
176
182
155
188
160
161
281
167
117
129
130
140
138
145
132
184
164
161
159
165
161
163
280
170
157
149
165
165
159
167
160
160
159
171
163
158
157
161
167
112
130
126
147
120
131
151
164
196
163
195
165
175
173
154
116
153
134
147
131
151
132
182
171
153
147
162
168
159
282
204
183
154
178
143
144
162
188
159
183
179
185
162
186
165
156
106
122
115
129
148
150
144
192
155
152
171
168
158
152
425
166
172
163
172
157
173
161
177
144
164
198
177
181
181
176
162
109
125
154
132
153
124
148
183
146
145
149
153
156
141
534
89
139
129
142
125
135
133
189
174
157
195
161
182
163
184
172
104
125
129
124
147
120
146
190
152
156
150
156
164
151
188
114
121
148
128
125
130
135
181
174
158
187
138
179
176
360
165
144
157
158
175
154
145
158
170
160
152
156
168
154
178
171
125
127
141
114
112
142
152
176
162
156
158
160
151
154
414
163
139
165
157
183
144
187
153
187
145
152
170
163
170
435
145
103
132
131
150
125
150
131
188
152
140
154
157
149
159
157
113
158
141
152
136
132
131
157
183
147
160
182
174
193
274
77
134
125
129
127
123
184
136
160
160
176
159
167
159
164
167
109
126
134
123
131
128
127
151
181
158
157
187
142
169
217
151
173
156
177
153
168
161
172
155
174
162
163
156
174
158
161
99
134
118
134
161
160
152
196
159
153
163
165
158
162
171
111
141
133
145
127
140
125
184
137
183
141
181
179
189
326
171
178
158
165
163
202
157
185
164
186
160
193
155
141
155
163
96
132
153
152
133
133
135
186
163
159
161
159
161
152
454
113
151
133
133
128
152
121
160
198
187
158
155
178
169
178
173
120
130
144
133
126
127
146
181
165
155
153
152
160
136
183
106
142
149
130
159
136
145
188
178
154
181
167
190
162
309
172
169
159
175
146
168
175
175
175
166
175
169
152
155
176
149
116
114
152
133
171
134
150
183
157
141
159
162
162
163
455
174
155
199
165
153
166
180
162
179
164
188
154
176
162
157
176
129
116
145
144
143
143
134
180
162
146
154
160
156
157
172
116
128
130
132
120
121
150
109
208
137
170
173
169
145
3812
167
106
130
130
159
135
143
137
183
159
144
158
157
155
161
162
122
122
127
147
126
145
135
146
182
167
160
170
159
170
384
173
156
164
161
193
146
175
179
196
172
152
180
166
180
160
163
107
130
136
156
132
153
131
188
151
158
144
152
158
208
329
108
139
135
139
131
137
131
225
120
143
133
143
133
142
123
182
130
168
142
164
173
187
183
165
196
161
163
166
170
157
162
102
140
127
147
132
133
125
185
140
145
159
155
158
146
293
113
132
130
148
119
151
126
165
173
175
158
167
155
177
147
160
124
157
143
145
136
133
146
184
150
147
161
157
160
153
184
112
138
126
148
128
147
115
150
200
166
184
170
191
161
276
168
169
151
176
157
176
155
173
159
172
155
172
142
179
163
157
108
118
156
131
130
127
166
177
161
159
163
163
162
162
317
170
177
256
188
141
159
181
171
177
164
163
159
182
152
184
158
126
122
145
122
128
124
143
177
153
137
160
129
158
164
291
115
127
128
124
148
127
144
180
173
165
155
156
173
158
3695
169
175
143
181
151
204
187
172
180
157
179
160
181
167
192
156
113
111
149
124
147
126
148
171
162
148
175
154
156
164
287
166
146
140
160
156
160
171
160
174
158
176
158
182
149
177
174
119
132
132
149
132
153
130
186
158
148
160
164
209
122
153
115
121
115
125
169
203
168
143
198
187
167
183
164
171
179
171
106
128
126
142
129
148
126
184
150
148
140
161
159
160
190
119
147
129
141
124
151
133
153
182
178
157
179
156
167
344
172
136
162
174
183
177
180
178
157
188
153
184
161
184
274
169
104
128
126
167
119
146
124
186
142
160
157
156
156
164
248
166
220
121
141
132
142
132
144
133
145
180
170
153
176
144
160
135
127
150
138
126
132
125
185
170
163
159
161
161
160
513
109
154
128
153
120
153
134
157
216
145
182
165
164
162
430
166
124
124
154
122
138
131
143
179
154
148
150
139
155
135
154
118
113
133
126
146
131
145
186
192
150
168
159
170
158
359
165
169
141
176
162
175
173
139
170
166
171
164
171
161
171
160
116
125
150
130
153
132
150
167
161
146
164
156
159
157
451
105
156
126
133
133
134
141
185
179
164
183
165
187
155
156
167
128
134
131
148
133
157
132
182
161
171
160
155
155
150
193
117
128
150
131
132
115
151
147
180
169
188
171
163
167
352
169
150
156
152
178
157
174
157
175
158
160
142
177
179
181
387
-110
132
126
140
121
135
125
178
158
157
152
153
149
158
416
170
136
162
139
183
197
195
184
172
187
144
167
157
172
154
164
102
133
130
151
127
135
116
184
134
154
153
153
160
151
171
116
149
131
157
125
162
129
141
175
147
159
186
154
183
314
168
365
169
187
148
181
165
179
160
177
160
183
162
186
153
185
108
123
125
148
124
161
117
188
153
150
155
167
161
162
355
168
175
163
176
146
176
175
178
155
152
154
191
136
178
179
172
114
128
150
135
157
133
157
182
164
150
161
161
160
152
533
108
139
128
144
117
144
130
140
198
169
213
114
142
131
128
139
143
131
184
159
160
155
158
154
159
140
155
160
158
171
161
111
122
145
133
128
124
119
177
171
168
148
155
155
152
445
101
148
141
157
155
133
148
135
192
165
154
159
163
155
183
166
159
89
139
128
122
124
149
161
161
154
158
156
148
158
182
114
130
136
132
143
126
147
179
183
142
184
150
164
139
339
167
165
158
177
159
165
174
182
176
158
173
166
165
153
179
161
107
127
132
122
165
148
157
185
149
152
165
158
167
160
391
117
122
161
97
127
129
154
183
186
151
183
144
179
198
178
160
111
130
132
151
129
112
128
185
154
149
165
164
152
175
154
114
116
135
143
126
149
149
150
193
177
162
158
158
177
323
152
156
159
150
170
160
175
143
176
176
159
179
186
184
176
190
113
129
129
141
132
143
132
185
179
155
161
161
157
162
224
174
188
164
186
161
184
163
162
159
181
167
190
164
185
170
171
105
128
124
149
121
152
162
187
163
158
164
170
159
162
258
159
176
160
177
167
172
168
183
160
186
142
197
174
189
166
165
120
133
186
95
128
142
138
185
137
164
160
162
159
162
187
112
121
116
149
138
144
146
188
190
150
179
162
182
165
403
174
163
161
170
144
165
139
167
143
168
138
171
172
161
165
161
117
115
147
132
131
129
150
183
151
150
155
151
153
138
314
142
179
156
183
298
129
127
121
135
123
129
124
179
149
163
158
110
120
145
130
130
114
145
149
185
150
158
182
158
180
162
104
124
146
129
128
124
148
177
164
153
156
142
154
153
307
162
174
158
159
173
163
177
154
175
168
155
155
163
152
177
189
114
116
142
128
125
143
144
232
164
160
167
160
155
161
411
170
149
161
162
188
150
188
154
191
147
157
187
189
194
168
168
110
134
124
159
129
149
130
183
148
169
169
161
150
139
171
111
152
138
150
137
154
137
154
185
179
157
177
157
178
11693
159
150
148
154
141
159
180
182
475
126
181
166
186
181
170
158
113
126
131
146
132
150
128
185
147
146
156
158
158
163
289
117
128
130
148
125
153
130
154
179
177
160
148
159
180
158
174
97
131
127
155
117
136
144
181
158
146
163
177
157
221
185
127
125
127
140
128
143
131
146
176
183
158
186
146
183
276
166
183
158
185
158
198
163
168
161
171
165
177
159
178
155
184
102
117
115
150
128
157
151
190
158
165
156
164
175
156
310
170
177
159
179
158
180
153
164
146
180
166
186
180
187
196
171
125
119
142
130
133
131
143
186
157
154
160
156
170
158
219
137
181
165
164
195
167
189
165
169
167
144
163
168
165
173
167
136
124
144
121
152
121
153
185
162
161
160
164
170
166
187
106
133
133
139
151
133
155
168
178
153
179
145
181
478
261
137
129
131
147
121
133
183
157
164
156
158
159
161
163
165
160
110
112
142
153
146
147
134
155
181
164
158
168
163
177
170
107
130
155
132
127
126
148
172
161
160
159
164
160
162
295
165
153
160
162
173
160
175
163
174
160
159
158
179
146
310
176
107
120
137
138
123
141
132
192
156
157
155
162
160
151
330
166
139
163
151
184
138
192
183
159
166
150
160
165
165
165
171
107
127
169
132
127
149
132
190
151
158
141
155
160
154
165
116
147
137
148
132
154
132
158
181
169
165
181
162
178
162
392
-125
129
122
124
151
146
153
192
160
163
159
160
159
156
183
104
119
125
140
124
142
123
145
160
148
184
192
156
162
378
167
155
149
153
144
174
160
184
157
177
154
172
151
177
146
162
101
112
127
133
150
125
150
171
155
163
158
156
157
162
402
145
324
15
172
155
167
139
193
158
181
183
166
188
161
181
161
122
122
147
129
145
115
146
178
155
148
162
144
162
150
170
108
129
135
127
128
137
152
193
175
152
160
154
179
155
286
174
178
142
140
175
185
165
180
180
177
167
173
178
155
182
188
112
127
182
130
136
127
140
178
153
144
158
159
152
159
384
169
151
159
157
157
158
188
156
186
160
157
159
160
151
158
153
136
129
152
152
136
132
131
185
151
161
158
156
158
158
348
110
127
131
127
135
118
152
400
181
135
133
136
131
140
127
140
175
149
211
166
152
163
155
159
142
157
139
162
159
162
172
119
120
125
125
131
146
131
145
182
158
155
163
153
182
353
168
133
158
174
167
171
142
169
165
169
159
169
160
174
154
167
102
122
126
152
124
150
118
183
153
143
159
156
157
164
163
123
143
132
142
119
140
156
116
176
176
156
176
150
176
220
167
148
157
180
169
181
157
187
165
195
160
185
164
193
153
182
103
127
129
152
119
130
144
198
164
173
165
169
159
157
403
172
174
173
174
165
155
161
178
159
182
146
165
172
179
182
160
121
128
142
134
166
127
145
190
153
160
160
159
157
156
204
100
145
122
148
150
149
148
136
218
163
175
164
184
167
187
163
106
132
149
135
137
124
148
166
169
164
166
155
159
150
186
136
128
121
131
154
133
136
188
181
145
176
156
180
144
343
175
178
163
183
157
164
304
169
171
168
186
154
180
162
177
172
128
121
144
126
150
116
147
198
160
157
161
157
165
169
265
175
155
152
162
159
158
157
166
162
157
160
140
149
158
164
161
108
132
162
130
133
151
149
154
186
153
160
181
165
166
172
102
117
144
145
125
142
141
250
227
153
163
148
162
152
274
166
145
158
160
167
161
180
158
181
164
145
182
190
184
162
161
105
116
124
151
123
145
128
174
147
173
160
156
153
149
289
163
199
148
141
127
153
132
123
130
154
180
155
154
152
145
158
105
125
121
143
115
140
141
144
324
34
187
158
160
150
202
149
184
152
180
167
182
159
182
156
182
152
183
138
180
157
162
137
123
128
128
138
125
147
178
159
160
156
149
154
152
186
105
147
118
131
127
158
156
134
194
147
172
156
170
157
320
167
152
154
179
147
180
156
178
148
177
320
184
181
160
187
175
143
116
140
127
117
126
156
181
162
158
162
158
165
157
270
151
181
158
151
153
175
175
169
172
162
164
155
174
162
179
172
136
129
152
128
150
121
162
189
159
146
156
153
168
165
168
114
128
136
128
124
130
146
183
180
162
277
33
181
138
286
171
171
157
159
182
183
170
164
182
156
154
160
188
157
190
162
110
116
146
120
129
150
150
187
169
165
162
161
161
155
295
165
144
165
156
177
155
168
154
176
145
165
178
182
175
184
160
102
134
130
153
130
143
132
182
156
175
199
128
158
159
181
109
114
132
146
156
146
139
149
165
186
160
182
162
192
152
175
91
132
128
151
125
148
117
183
160
168
164
168
160
162
183
123
146
131
153
131
150
140
152
177
138
154
175
147
176
351
169
176
163
182
151
180
163
173
162
194
161
183
171
177
158
171
100
130
126
156
112
144
129
188
197
148
158
162
161
161
445
169
179
164
181
154
158
156
168
147
169
631
98
140
151
146
135
153
125
185
151
160
154
160
160
183
160
165
159
172
162
188
95
156
133
138
126
138
146
187
170
157
156
156
171
155
344
153
186
165
198
160
158
162
182
150
190
159
197
185
165
184
177
136
127
133
134
126
136
146
184
168
156
159
157
151
145
269
116
149
134
137
149
131
152
190
154
157
165
169
172
163
172
167
119
134
139
117
128
139
141
184
148
152
206
156
159
149
185
112
125
138
127
142
126
142
182
162
145
184
141
182
180
388
168
156
161
165
153
161
163
160
153
156
169
155
171
156
171
159
107
116
152
151
154
130
135
183
165
141
160
166
155
154
462
142
152
161
167
160
154
180
139
176
364
2
179
186
187
160
176
103
120
130
143
130
144
127
192
168
149
159
160
150
155
150
114
144
152
151
128
143
123
182
151
147
159
175
139
177
327
170
149
156
161
174
141
185
175
180
148
167
175
167
175
160
160
98
129
129
155
130
125
125
184
152
160
143
209
203
159
392
167
178
157
183
162
185
164
187
159
183
163
179
160
190
157
164
100
131
121
148
139
150
146
185
166
165
170
166
161
152
151
115
151
128
151
127
150
128
152
162
146
169
173
179
152
255
154
172
150
176
138
163
158
175
152
176
156
305
36
172
152
163
97
346
131
126
144
140
164
186
165
147
166
156
154
159
244
168
178
157
160
509
105
117
147
107
153
147
138
187
164
177
157
115
118
153
134
153
129
153
178
190
160
171
142
178
155
449
160
179
160
167
156
156
163
167
314
168
179
157
194
157
194
169
108
124
145
122
145
145
125
184
168
149
170
159
167
164
188
109
114
158
130
128
126
127
161
175
144
173
174
174
173
287
172
164
162
166
172
166
167
163
182
159
151
165
182
159
207
161
114
127
156
142
122
144
147
183
211
162
160
163
177
159
233
153
167
156
157
157
153
155
153
162
159
154
149
171
159
162
154
111
134
132
149
130
152
136
146
181
157
154
172
146
174
160
112
138
138
149
134
154
136
198
160
135
160
160
158
185
319
168
150
160
142
155
183
183
168
182
311
32
187
162
178
164
159
109
135
127
137
127
147
132
184
152
149
142
156
173
152
248
179
195
153
157
151
172
158
166
159
172
161
171
161
175
157
174
91
133
159
158
153
138
162
191
152
155
161
161
164
169
354
124
149
123
152
126
140
110
163
176
185
312
180
175
165
246
166
168
147
162
152
195
158
138
147
176
162
146
149
164
142
184
100
114
147
128
126
126
144
171
156
158
152
146
173
158
380
150
160
151
161
140
171
173
174
173
169
154
161
170
166
176
158
90
118
154
125
125
128
145
181
149
142
208
216
156
154
176
144
157
156
167
198
160
158
158
183
153
168
157
183
312
144
135
144
120
147
148
133
184
167
163
175
162
160
154
160
161
155
108
117
151
132
148
128
149
112
192
158
181
181
182
192
457
182
157
154
150
150
160
184
158
179
265
80
161
181
159
188
162
123
134
141
134
133
145
114
187
150
152
158
171
160
161
166
107
122
148
127
127
119
148
153
216
163
173
175
165
172
365
166
153
160
162
166
154
175
164
176
154
159
144
194
181
182
187
109
124
127
134
121
142
131
190
153
165
212
106
162
165
386
168
148
164
138
191
186
189
186
170
181
160
182
168
190
164
167
102
128
125
147
130
150
124
187
137
163
159
159
164
160
216
155
178
167
177
161
173
164
173
161
175
162
196
157
181
147
158
121
128
124
137
143
143
142
191
154
394
-76
163
157
163
183
121
122
127
140
124
137
115
149
179
152
191
168
186
165
352
173
180
152
183
144
175
160
169
155
157
154
171
147
170
163
155
120
120
147
131
150
134
152
183
150
144
159
157
158
154
379
141
179
144
178
148
178
181
182
176
282
183
177
177
161
183
160
122
125
128
125
143
129
142
174
147
142
161
161
159
159
185
115
128
142
131
141
122
147
183
153
156
161
159
162
155
327
157
173
159
176
178
180
168
164
181
163
150
165
180
164
181
163
113
119
152
130
128
117
141
183
158
161
216
174
175
158
224
176
150
162
164
165
160
145
227
132
129
126
128
145
123
146
189
108
124
133
163
126
148
132
184
154
161
155
167
157
158
170
115
121
132
121
150
151
155
142
192
179
166
169
158
174
2784
173
102
126
127
123
137
146
125
183
152
157
143
159
155
168
178
115
121
127
142
125
148
128
188
143
153
161
165
158
165
368
164
138
163
170
150
173
173
169
161
172
160
171
220
164
149
160
101
126
127
150
127
150
118
191
172
147
156
154
156
150
532
100
150
133
157
117
111
123
143
174
184
155
182
153
171
139
177
106
124
146
136
150
127
150
189
189
140
153
154
148
154
186
118
149
121
151
116
151
148
154
189
175
176
161
174
169
357
167
147
155
138
158
175
154
179
158
180
145
176
177
186
303
43
135
124
141
126
125
124
124
176
154
150
158
155
155
152
237
165
174
146
182
186
191
200
170
163
171
158
156
177
157
170
157
132
