Drift time (us)
-998239
252205
199024
242344
259787
237824
210002
259943
237132
250335
248822
215392
259623
237751
237758
248800
209719
239074
318487
227316
237612
232187
170400
249288
250322
238017
232503
227437
237173
259999
239042
211179
259994
226225
237327
261704
188754
248775
259606
295702
437361
425370
485014
454261
383381
425923
450615
411828
423662
24610
-25509
1217
24939
-76114
26782
1923
-22353
38038
2339
-23593
28009
-22535
13528
79841
-29820
1532
30018
-25546
29202
2907
29156
30612
-7
-23631
12135
3285
-91850
41830
-25325
-8473
28004
-21930
27331
-63043
-25957
27533
2485
-25726
27929
-4387
-17076
27453
-38394
2045
26157
-26191
29532
577
-25688
21168
62004
-12885
16099
15950
-25808
29049
-25771
1594
29511
-38706
29902
-12515
-21800
-35840
3102
-24245
29099
684
-22346
16603
-26133
1238
30899
-27505
13186
15412
-26384
30369
1174
-27323
87358
-11099
-24947
26036
-24262
-1085
26301
-25433
9399
14587
-41604
27720
514
-78392
25270
-39067
15956
24617
-24012
262
28549
-26250
28826
10992
-24762
26909
-14362
-27235
26249
-1589
34683
26656
-23364
2929
26001
-24055
12292
17025
-23557
22352
1081
-24005
27103
1782
-89839
25124
-25504
2201
26670
-20929
12799
11546
-22617
24627
654
-24701
24764
1286
-25076
24664
-25921
56958
16500
-25626
3061
28404
-25670
27050
777
-24477
27199
4293
-23230
28187
-89359
3631
29094
-25090
2768
15447
-25382
40971
-13440
-23813
28148
9183
-25861
14914
-24757
950
29804
31928
15580
30309
-26581
30285
2047
-39515
29342
-10768
-24008
27814
-7462
-23749
-21627
-26213
928
31160
-25857
30697
-11885
-26845
30342
539
-22033
28948
-38329
4861
29066
-24264
2978
86966
-33934
26707
-137
-25197
28131
1981
-39013
29789
2256
-26268
28337
-25630
-46264
12289
-20089
25846
-9129
-23898
30634
2140
-25504
28705
-28077
17
15978
-26072
-1442
27756
-27508
84806
-11736
-18300
25185
-348
-25027
25342
-670
-27579
15964
-15349
-657
29206
-28594
-40110
-123
-38260
40944
1236
-25616
26723
-12104
1059
24716
-23876
-15337
40639
-36037
27720
-7
-28524
81319
1556
-26898
25289
-86
-24228
23890
-25930
789
13956
-26779
27599
3434
-79095
26143
1289
-25497
27663
-25118
-820
25642
-23799
84
21623
-24212
27408
2044
-12642
25706
2510
30920
26179
3137
-40118
25236
-27169
2537
25971
-19990
26979
1288
-27149
23316
-63236
-25172
28359
-24885
1322
25474
-26125
1928
25928
-37881
25153
13300
-24588
25386
1730
-25701
23964
58246
-27147
26184
-26033
-14122
25901
-25721
25129
1698
-26171
22901
1074
-25904
-25313
-26803
539
24249
-27754
-553
25966
-22683
26498
993
-12798
25915
365
-27625
26763
-1433
-24247
88121
-23171
1597
32625
-27765
15664
16792
-24671
43534
2175
-28023
27945
3470
-25585
-35574
-39549
-10876
31238
-25452
3335
28045
-26218
15358
2195
-25334
31043
1234
-22716
27376
-25761
-13038
88361
-24256
16243
14396
-28856
29140
3746
-39704
29343
23000
-28825
33922
2299
-90720
27594
-25113
2963
14820
-21033
25938
-9578
-27381
32757
1923
-38663
27794
-26008
2721
29998
-40260
61882
30034
-22470
27157
3660
-23808
14570
2129
-26306
28833
1052
-21713
28358
-90019
2789
26770
-21334
26668
1107
-22540
26050
-9061
-21869
13972
-25146
2323
29955
-26866
2826
15201
31476
24486
829
-24511
23915
-11645
-26755
29110
391
-28758
28884
-27769
-12545
-26980
-24427
25698
2873
-13005
24681
2868
-23079
24417
-10780
-14508
14577
-29392
-442
25363
-26327
29666
56964
-23725
23882
690
-25265
24310
-18347
-5164
26679
-28594
53
28998
-26848
13673
-22872
-26618
27339
2757
-25214
26972
-26425
-511
26979
-26849
1989
24546
-24296
26467
1148
-22423
74815
6359
-28209
26994
-1317
-23326
13395
-27270
-680
24888
-24743
26446
2487
-23200
-39527
-558
-15183
26366
-13664
-25702
26654
-25882
15308
25823
-26647
14137
-1478
-26200
23379
668
-27266
85661
15619
-25534
28402
-26151
-788
27549
-26738
25093
-12338
-6529
26997
-875
-90747
26228
-6803
-20898
24445
-27199
639
26598
-24562
12157
15005
-40929
25008
2059
-24066
35359
-27420
44438
37254
-25750
-27372
53099
-27382
28463
10657
-25819
25719
-11522
-13099
25031
-65000
-24750
26101
-24886
725
24595
-26218
12330
15031
-25585
24956
1484
-25445
25476
-47
-25579
24338
30963
2948
27446
-25350
13518
11338
-20533
26388
509
-26308
40537
194
-26266
5248
-79340
754
29744
-27621
14012
28199
-43474
26095
-1301
-24379
25769
2472
-28093
27212
-26051
1912
85978
-27033
-6204
40946
-29757
26709
1336
-26215
24775
-437
-28824
28200
-18209
-9371
-24955
-41051
834
41056
-39755
25554
1112
-26755
25655
743
-27180
25973
-26634
14144
27154
-28561
332
84343
-23159
27737
985
-27228
27267
309
-27748
26940
-1045
-25788
28798
-25689
-64629
24994
-22604
38691
-3579
-23923
26368
1303
-23473
23782
-8708
-17257
28844
-25178
-13918
28376
-27829
77794
-16741
-25074
25339
1549
-26006
25304
2071
-27097
24880
-27827
675
28511
-89804
53349
13037
-27153
28329
1320
-40483
27900
-19696
-7034
26402
-27112
1715
25860
-26704
26259
1658
31080
30825
428
-27705
25921
-684
-25416
30267
-28831
-327
29541
-28850
29224
-39997
-38026
26445
2865
-26207
24485
-11998
-10809
25139
-22486
219
27421
-27210
14681
-3821
-27268
27100
59470
-23787
25480
1542
-23484
25718
-25195
-1276
24625
-26420
15563
12145
-26956
29455
-64310
-23058
23001
-1397
-22138
21980
-25156
-670
38658
-26907
14339
13601
-27302
28208
789
-27003
27611
42839
-11803
26258
-26291
1043
27079
-25183
12021
13683
-24025
23038
760
-25823
-26728
695
-26235
27344
-25487
915
27356
-24882
2750
26954
-26201
24892
1203
-25672
27912
-591
-27036
81856
-16909
-6325
26337
-25448
-1602
27395
-26910
27241
614
-27012
25146
1286
-90824
27066
-23438
1032
26454
-27671
625
26467
-22675
28658
1996
-26341
25321
1962
-25235
15394
-23515
57485
46349
-27762
5728
33861
-22298
29389
3977
-36562
32023
3373
-20695
28816
-62975
