Drift time (us)
-75685
12427
23085
23206
23144
23385
23225
23002
23093
23226
53522
23289
11910
12566
11921
23100
23515
23075
23198
23100
34313
23048
23444
42861
23121
23455
23194
24676
883
23167
23511
23003
23255
23477
22976
50039
24137
23104
23426
12004
34216
23063
23322
23146
11950
23318
23079
23306
51158
12248
34452
23139
23325
23185
23033
23430
23101
23362
11939
12327
48733
25094
23026
23666
23234
23454
23302
23255
22981
12121
34420
23070
23532
50591
23121
800
23239
23161
23115
12071
34478
23191
24691
23510
23183
49755
23988
23216
11958
23565
23117
11970
22913
23313
23253
23070
23250
23422
50993
12101
34502
23122
23119
23159
23301
25549
4491
23045
23159
23290
60530
13224
23059
23313
23341
23052
23535
22982
23350
23189
23089
12050
12221
50967
23038
23160
23527
23179
23271
23095
23334
23281
22973
23548
23107
43800
30366
12089
23110
12196
34440
23192
23006
23298
23139
23226
23106
23656
39554
23082
34732
23471
870
23110
23118
11989
23330
23260
23062
23189
55274
29934
24447
23367
12417
23056
22993
23475
11938
12071
34509
22981
23170
50979
23492
23135
35537
69258
12216
23155
34589
23077
23152
1148
12008
50748
23448
23447
23345
23479
34331
23179
23167
12006
23176
23276
23153
23314
51153
12069
34475
12073
23293
23034
23289
23534
23075
23206
23113
23183
50327
23201
23351
22988
1162
11842
23189
23530
23155
-21333
23233
23102
22988
50685
23433
23020
24590
23041
23273
11977
23126
23497
12003
23192
23437
23088
51202
22980
24428
23280
34339
12232
23197
23314
23122
879
23354
23241
50848
23517
34597
23196
12221
23227
23088
23349
23261
23316
23266
23057
34241
28487
23155
23101
22977
23497
23111
23507
12033
24546
34355
23010
23299
50678
23283
23354
819
23146
11950
23312
34270
23250
23359
23010
23360
23279
50811
23137
11945
23219
34682
23059
935
23220
23084
24662
23192
23234
50984
23512
34417
23053
12163
23403
23252
23290
23289
875
23148
24198
34293
50635
12027
23072
23445
23412
23342
23440
23083
23294
34087
12092
23287
39327
23429
22987
12206
23117
23552
23215
34158
23223
23271
23251
23319
11932
51029
22987
973
23153
34620
23104
22989
12119
23129
23191
23084
23169
50886
23564
37804
23458
11992
23183
844
23217
23356
23310
23253
23132
23121
50888
23226
23224
22917
23335
23283
23279
12277
23196
23220
23056
23125
49663
24377
12009
23032
23594
23271
34231
23237
22964
23436
12110
23362
12029
39560
41769
42781
54558
43060
44506
40996
42818
41743
29796
43117
68243
44503
53202
17075
42716
29654
44586
39888
42867
42691
41860
68247
55879
43007
29040
44432
41137
42931
43872
88760
27284
71285
53082
44484
42751
41266
41009
43807
42532
29894
43449
41059
81807
43053
16817
31552
41200
42726
41304
41793
43346
41085
57402
53628
44429
41815
41424
41000
42768
41915
29964
44092
41604
42458
68115
42916
41608
44113
43583
42543
41374
29890
55652
42965
66536
19963
42630
28322
43257
41098
44574
39772
57509
42744
40215
68251
29967
42594
42671
43568
40208
29897
16994
4454
-10512
3846
2825
4468
17794
1308
3912
4019
-7107
2197
3962
4193
-33513
3421
3878
-10488
5894
3967
4030
-3949
24136
3994
2918
-8948
4013
5815
-10670
4055
-7340
-10914
3833
4119
-8746
3976
4131
30535
-11620
4100
3800
-20050
-36484
-8934
3935
-21972
3939
-9002
4243
2701
3936
-9076
4222
30266
-8397
3975
4118
3757
-8307
4090
-9060
-21714
4304
4084
3414
-8955
3990
3554
28448
-5791
3615
4023
4130
-8765
4648
4073
-21874
-9121
4143
3952
3490
-8847
3998
3838
17724
4005
3967
4182
-10298
4131
5415
4566
-23538
4194
3972
-9099
4175
2919
-8905
33020
4574
4349
-8922
4386
4043
4114
-9309
-23214
3924
-8273
3413
4257
4029
-8639
4157
33107
2215
-6109
2181
3392
-9009
4290
4177
-20719
-9987
4023
5707
5667
-12497
3980
29471
2492
-7236
4491
2788
3986
-7171
4222
-21921
-10198
56383
3018
3933
-9483
4128
31139
-9083
2801
4108
3978
-8889
4018
4063
-8975
-22728
4067
-8926
2639
2650
3887
-8921
30771
4376
3823
-8875
3568
3917
-9386
4190
-21852
-8999
4374
3995
4550
-8939
3062
30850
-9274
4216
4457
3935
-8809
4218
3965
-8830
-8959
-10346
3776
6849
-9556
3925
16917
5135
4128
4085
-8938
4183
3952
4043
-10020
-20172
4474
-9997
4042
4430
-8676
3472
31158
-8907
3082
60693
3897
-9005
4119
4170
-8591
-20593
3973
2861
-8902
3971
3970
16247
5644
4682
-8464
3911
3944
3841
-8863
3906
-21534
-9389
3996
3961
-9289
3358
22296
-81
4387
2260
-6835
3822
2685
3681
-7197
3260
-21877
-10634
3921
5743
4001
-10598
31063
2428
-7357
3758
2108
-6709
4020
1847
3973
-19959
-10627
5044
4125
-10635
6176
11531
11833
3845
1895
-7248
-49262
4030
2919
-7174
2366
-22016
3477
-8901
3986
3402
-8962
4171
30992
6157
-10647
3962
17704
-8833
-9068
4082
-21922
-8740
2949
3833
-8474
4021
16776
19110
-8496
3965
3503
-8556
5357
3228
4208
-8205
-9591
-8693
4127
-8859
4085
3864
-8317
30621
4132
3936
3141
-8883
5046
-9121
4582
-20780
-9541
5983
2318
-8824
17329
-8478
30615
-8944
2577
4114
-8996
3862
3881
-8744
17288
-36102
4023
-8868
-32541
-8931
-9756
3973
29495
-7190
4568
2965
2637
-7219
4086
2338
-34739
4605
3227
-10272
4751
4274
-9047
3882
32616
3913
-8566
4070
2957
-9394
4798
4280
-23572
5805
-10108
3921
5769
-10660
3419
31743
3530
-7116
2914
2174
-6615
3936
2699
-20119
-10708
3980
4290
-10342
5064
4566
-10633
32359
4316
4986
-10552
3946
4457
-8587
4297
-23573
6121
-10457
3968
6304
4293
-10621
31386
2098
-7160
4339
2253
3628
-7140
4691
-23177
-10351
4227
5195
-10625
4083
5321
-10193
33670
5514
907
-8944
4115
4386
-8931
4135
-23518
3933
-10377
3901
4361
-8930
4357
32074
2905
-8825
5694
3254
-8652
4907
2201
-36244
4472
4201
3996
-10044
4105
4153
-9158
32911
2185
-8716
3384
4002
-8959
4303
4119
-23464
4102
-8844
2497
3883
-8514
4133
32192
4275
-8707
4081
5010
-8013
2681
3970
-36345
2635
4435
3965
-8854
3986
4309
-9013
31663
3942
3521
-9048
3944
3998
-8436
4149
-23063
5950
-12465
4138
4102
5756
-10587
32881
2314
-6736
4056
3871
-3598
1928
3932
-20099
-10596
11083
55403
-8723
3956
3283
18241
4286
4156
4003
-8992
2989
4015
-8912
4682
-21774
4005
4213
-8848
4263
4015
-3802
25299
4053
-9645
4409
4117
-9007
4498
3889
-21460
-9256
4019
4225
-9998
4125
4073
31025
-8508
4016
4252
-9502
3990
4166
-9429
4671
-21823
4407
4027
-8924
3882
3583
-2726
25173
4516
2698
-9011
4012
4287
-8869
4347
-21736
4062
-8952
4025
3283
-8720
4357
31874
-8913
3507
4083
3942
-8889
5655
2333
-8901
-23260
4044
4242
4757
-8887
4138
29529
-7706
2364
4192
-8909
4628
4136
5661
-10237
-21822
4057
-9010
4169
3903
-9489
4028
30676
5750
-10577
4017
5673
-8767
2660
3968
-9229
-21299
3987
3785
-8969
3947
4037
10479
11248
4353
5423
-7862
3965
6327
-10669
4076
-21857
-8924
3981
3924
3979
-8821
-8350
31034
4027
4421
-9904
-47771
-8395
3512
17389
-21411
-7034
-8832
3983
4079
1843
-7034
4027
29389
4023
-8262
3024
-8992
4072
3724
3840
-33000
4637
2741
2263
-6712
5436
-8627
11697
20932
-8853
3987
4882
4161
3982
-8909
-9301
-19516
4089
2499
-8850
4004
3608
1682
31001
-8518
4546
-8825
5587
4035
-8831
3908
-20296
4103
4387
-9318
3968
-8810
3469
4078
16229
4019
4000
3992
-8852
3697
3878
-8453
-20964
4055
-8828
4080
3918
-8482
4418
29556
3728
-8958
4355
3403
-9267
4037
4008
-20761
-8750
4388
3669
-8917
3873
4341
-8750
30050
3980
-8894
3658
4319
4141
-8838
3882
-21470
-9371
4641
3828
-9338
4013
4198
29099
-10597
4562
4087
-8977
4072
3854
-8175
-8970
-8917
3994
-9408
4667
3548
-10427
4144
29218
-7234
2412
4017
-6770
1861
4144
-7188
-23448
4808
4009
-10497
6219
3643
-10664
30077
5467
-7237
2940
3144
-7358
4639
2212
-20047
-10573
5540
4485
-10542
4045
4374
-10859
32239
2503
4077
-7450
1689
4167
-7232
3444
-21618
-10736
4232
5703
-10739
4730
6105
-10664
32442
60095
4424
-8514
3411
4286
-8961
-9088
3919
-8843
4049
4078
-7858
3317
21606
-326
4096
3137
-7947
3972
4050
3969
-8992
-22616
2569
-9107
4233
3944
-9833
3997
31133
3919
-8907
4339
4103
-9059
4003
4005
-21838
-10340
3986
3980
4099
-9057
4012
11966
8234
4298
3974
2980
-10036
4101
3900
-8913
-21591
4242
-8944
5060
4081
-8874
3817
31287
4130
-8845
2212
4013
-8819
4090
2662
-8893
-21724
3977
4004
-8937
3900
2800
11906
9482
3110
2562
-9068
4064
3171
2549
-9858
-21667
4036
-10099
3904
4236
-9018
3891
31148
4213
-8897
3308
4220
-8726
2964
3995
-9001
-21828
4739
2342
-8936
3854
4133
-8784
30412
4001
-8820
4054
2449
4162
-8843
4926
-22563
-8933
4097
2983
-8857
4085
5617
29075
-8885
3946
4119
-10249
3932
3973
-8866
4083
-21722
-21828
-36351
2850
-8877
4039
4111
32320
-10536
4107
6207
-12368
4070
4115
-10368
-21497
4237
3080
-8893
4145
3957
-9192
4180
30929
4072
-9001
4234
3953
-8859
4118
5426
-23525
2899
-7998
4078
2918
-8853
4215
29325
5264
-8928
2519
5224
-10159
3974
4205
-21824
-8805
4078
2503
-8737
3983
4135
3890
17821
3948
3124
-8914
4248
3852
-7211
2636
-21821
3915
2668
-8878
4144
3873
4306
16554
7911
2977
-10610
4021
4728
4018
-10628
-21762
4212
4100
-8922
4183
4420
4901
-9976
32441
3954
4082
-9211
3570
4022
-10519
5185
-23057
4005
-8956
1831
3998
4015
-8721
33058
2362
-10342
4292
5141
3882
-8664
3899
-23594
-8852
5738
2428
4055
-10328
4068
3947
20009
3956
3965
-10512
3630
4100
3946
-9182
-24032
4035
4037
3143
-8957
4007
5708
16674
16759
-8748
4004
-8793
4317
2535
-9363
-23199
5581
2469
4120
-9001
4240
3052
-8966
32233
4049
-10548
5574
3182
4031
-10678
4562
-23537
4079
-8984
3987
3972
-7276
962
45247
-23466
5913
3956
3144
-10604
4639
4080
-23619
50974
15418
-8947
-8706
4038
4096
31483
-9036
4936
2194
-8708
16875
-8817
-8825
4029
-21801
3057
3995
-8859
3820
4139
12427
11003
3990
4104
-8983
4138
4103
-7199
1237
-21826
4123
-8959
3973
4237
-8887
3913
30952
-7370
1336
4083
4395
-9037
4087
-8801
4097
-21827
3975
5776
-12038
3918
4190
12113
9876
4205
4321
4020
-8789
3061
3025
-8950
-8849
-7336
4027
-8860
3972
4064
-8712
32406
2265
-8906
4102
4100
4079
-8772
2883
-8176
-21761
4686
2488
3895
-8827
3137
14454
7551
2630
3860
3292
-8913
2615
4115
-8525
-22049
4146
4070
-8937
2612
4200
5877
15990
4029
3960
-8958
4130
4009
-8859
2612
4084
-20068
2265
3956
-8964
5479
3821
21951
318
4014
4219
-8621
2587
4057
4108
-8853
-21886
4316
-8951
2593
4135
4047
-8886
30978
4148
-47710
-8832
-7197
4211
2610
-8933
6058
-25233
5880
3924
-10637
4084
4294
-10499
32012
2332
-5349
2288
2623
2280
-7131
3881
-22287
-10060
4134
4301
-10445
4159
4174
-9109
31462
4632
3999
-9901
3972
4109
-7263
3539
-23440
-8969
4016
4118
3986
-8915
2781
32097
-7279
2386
4229
7069
-7028
3989
2595
-36354
4080
4066
-8928
3714
4106
4136
-10526
32593
4074
-8868
2622
4102
-7283
2293
3945
-23220
3896
4102
-10342
4000
3938
-8758
32884
2342
2906
-8996
4048
4881
-8899
4001
-23562
4151
-8537
2884
4152
5791
-10567
12820
21932
-7153
4004
1353
4722
-8972
4107
-8918
-23388
4184
5211
-9757
4085
3915
5077
16046
4194
2527
-8904
4067
4119
-8838
4008
-23186
-8922
2819
4118
4137
-8917
4030
4069
19605
3863
3126
2942
-8751
4157
2607
-9469
-23044
5199
-9754
4149
4026
4727
-9370
32273
2692
-8681
3968
4093
3931
-8761
3922
-23282
-10602
4016
4116
4110
-8793
4029
4084
17834
4683
2418
4090
-10674
6148
3918
-10556
-21920
4164
4017
3954
-8563
2420
3991
45057
32254
3204
-8839
4161
4223
5714
-10396
-21395
2950
-8710
3995
-7243
2286
3919
31289
-8855
3972
4683
-8783
4133
3984
3070
-8934
-21478
4172
4028
3999
-8973
16953
-8931
19327
3897
3049
4025
-8831
5707
2465
-8909
-8889
-9535
4061
-8361
3543
4532
-9060
32617
2129
-21814
30288
-8835
4528
-8898
4004
-8808
-21875
2633
3371
-8800
17001
-9419
4175
17739
3519
3973
-8645
5151
2185
4258
4116
-36281
4091
4081
-8934
3211
4049
-8954
26786
6713
6000
-9585
3973
4589
-8786
3903
4111
-19945
1747
4429
4139
-9745
4130
4102
17540
4075
4007
-8817
3407
3987
4461
-9415
-21320
4054
-8867
4066
4638
-7306
2772
30149
5553
-8899
4216
3937
-7422
4499
4102
-9184
-8839
-8850
3182
4041
4414
-9002
3979
30416
-9090
3778
4133
-8992
4607
3870
3911
-35196
-45955
4029
-10481
5938
3387
-10215
5334
30418
-6807
2431
4399
4001
-8776
5670
2230
-33502
4107
4404
-10361
4988
4343
-10591
31241
5831
2382
-7227
1862
3937
-7088
3628
-21778
4148
3952
-9143
4368
3989
-8831
3891
29322
-9038
4056
4013
4053
-6912
2247
4098
-33030
3962
3998
-9280
3885
4080
-10620
33011
2394
4106
-7239
2121
3582
-6756
3014
-21745
3977
-10622
5364
4645
-10424
4078
4689
28997
-7379
2638
4320
-5781
741
4465
4059
-33465
4033
3987
-10586
4897
4064
-10545
29354
5315
-8902
4424
3944
2671
-7216
3983
-23543
-9518
4517
4236
-8792
3869
4071
5413
18926
3968
2792
-5618
2349
2682
-8669
3973
-15580
-10575
4193
5054
-10630
4102
5095
8886
14589
3950
2035
-7022
4110
3422
-9116
-7166
2160
-9365
4569
4047
-10582
4563
4276
17440
2910
5673
2186
-8953
4147
4019
-8579
-21720
4045
-10587
5149
6095
-12373
3967
15764
7013
4150
2233
3983
-7299
2035
5517
-21404
-10533
4640
4152
-10588
5990
4015
4131
18612
6036
2225
-8794
4064
3949
-8937
61631
-21661
-8954
4101
3886
2727
-8965
4034
31490
-8676
4208
4501
-8359
4073
2893
3381
-21800
-8985
3988
4258
-8893
4017
3990
31451
-9194
3792
4217
-8915
3401
4288
3916
-8844
-21938
4221
-9086
3523
3942
-8433
3526
31721
-8979
4101
4266
5571
-10711
2699
5284
-8746
-9024
-8926
4180
5076
-9014
4201
28054
6192
-9938
4207
6048
-10686
4337
5224
-9821
-21845
3575
-10051
4216
3958
4121
-8690
30610
-8841
4368
5618
-10402
4245
2527
-8846
-8977
-8868
4450
-8683
4386
4699
4456
8761
27749
-10164
-8991
3547
3994
4161
-9065
5557
-23011
-8867
17126
-8503
-8899
3911
4097
30849
-8812
5092
2243
-9007
18165
-11147
4389
-21876
-9802
3948
-8714
3963
3482
-8226
42651
-9205
3961
-1405
4041
4006
-9707
3836
4193
-34866
16981
-8939
-8822
4389
4082
-8819
4759
-21981
-9071
4094
16972
-8841
-8897
3939
-8212
-21720
4535
3817
-9168
4321
17334
-21759
28596
4272
3591
-8936
3943
3413
-8816
3916
-7302
-22124
4454
4528
3541
-8782
4403
23398
-957
2460
16843
-20149
1376
4048
3617
-7830
-21829
3975
-8697
4280
17697
-8837
-10047
32083
2344
-6709
3971
2251
-6366
4419
15386
-33038
-10666
5238
3861
-10689
4127
5295
-1360
22667
2516
4212
-7189
3146
2439
-7231
3870
-21655
3768
-10447
5385
4052
4523
-10429
29250
4456
-7393
4279
3861
-7717
2397
4451
-34647
5649
4109
-10513
4074
4651
3951
-1428
23463
2691
-6826
4505
3293
-7160
3984
2343
-20211
4344
-8798
4537
4387
-10577
4147
29614
3924
-7600
2185
3992
-9297
4271
3868
-20665
-8840
4092
-10145
5197
4303
-9517
10962
23811
-7190
2669
2652
-6711
4386
4329
-6145
-9456
-8792
3959
3831
-8458
3978
3854
29337
-6713
2394
3930
-8903
4484
3506
-8724
-19711
3334
-8266
3865
4110
3849
-8864
25756
6900
-6259
2915
2663
-7188
6309
725
-6989
-8924
-8604
4261
4646
-9104
9736
79496
5179
-8662
4266
4043
4160
5621
-10501
4472
-21484
-8848
4680
4152
-8979
3940
4310
18585
4169
3940
-8889
3581
3740
3978
-9015
-8797
-8959
-8855
3901
4271
3969
-10269
28676
4960
-8922
4522
4428
-8985
3612
4445
3943
-35461
2458
4545
-8774
2490
4128
-8878
30808
3941
-9370
4039
4398
3558
-8635
3932
-8883
-9153
-8815
3975
3286
-8977
4162
30069
-7669
4061
4006
-9437
4077
5308
3961
-8820
-21650
3001
-8919
4151
4183
-8498
4451
29676
3958
-9478
4033
4013
-8843
4728
3930
-8585
-21767
4308
4079
-8177
3955
4049
-6162
26407
-8913
3984
4051
3986
-8867
3702
4025
-34872
4237
4047
-8939
3943
4423
-8499
29823
4206
3049
-8101
4494
3889
-8904
4077
4033
-22148
3541
4608
-9933
3979
4005
-3794
26908
4428
-8882
4054
3909
-7182
2123
-47694
-34680
4076
4256
-10805
4054
3966
-8561
3917
32899
-9466
4258
4550
-8975
4559
4087
-8456
-23677
4560
4279
-8950
4666
4469
5771
17277
4387
1910
-7199
4055
3257
2420
-7155
-23591
5838
-10700
4206
4080
-10060
4269
12492
22557
4802
-6625
2224
4382
-7262
2315
-6209
-8838
-8867
4394
17205
-9284
-8984
3971
28809
-8893
3903
4825
4012
-8836
17400
-8590
-32976
3975
3113
-8251
3930
3079
-9036
14472
32422
-8814
-8801
4415
3376
-8230
3938
3370
-20302
4064
4878
-9018
4238
-8861
3457
28996
-8903
3375
3402
-8411
17143
-8979
4119
-33101
3128
3998
-8403
4324
1417
-9289
40975
-7688
4340
-8678
3972
4008
-8949
3768
2317
-20032
4019
-8758
4087
4633
-8949
3557
28957
-8935
2776
4047
5244
-8279
4025
4241
-33078
4060
3178
-8950
2952
3937
-7848
15673
17268
4049
-9188
1753
4297
4084
-10369
3024
-20130
4202
-9879
4015
4263
-8829
2479
28964
-9030
4051
4052
-8791
4057
2646
-9124
-19934
3878
-9235
4422
4002
2952
-8887
3999
29048
-9027
4060
4086
4150
48805
3974
-8987
-21761
4104
2957
-8854
4188
3276
-7291
30318
2990
-8626
4125
4046
-9937
4118
4080
-21855
-2287
2329
3977
-8424
3868
3885
18423
4091
3846
-8685
2905
3136
4089
-8910
4065
-22898
-8843
4199
3033
-8866
5677
2219
30961
-9863
4097
3963
-10239
3944
4087
-8976
-21322
2367
4016
-8560
3785
3999
-8916
28495
4937
4280
-8835
4115
3989
-8855
4170
4065
-21848
-10394
3062
4243
-7268
936
4088
30994
-7844
3883
4070
-8777
2598
3014
-9969
-21676
3074
4138
-8941
3944
4077
-8841
24542
10583
-10387
4259
3947
4004
-8638
3039
2532
-34774
3954
3945
5681
-10480
4037
2765
17711
4170
3907
4092
-8941
3999
2950
4255
-22542
-8730
4930
-8853
4055
3826
4250
11365
10060
3916
-8635
2541
4112
4043
-8875
3078
-21638
-8985
4705
2124
-20132
3307
-36376
-1804
23411
5085
-11114
3986
5736
2023
-11087
-21593
4275
-10007
3987
4056
-8859
3931
4240
30527
-10363
3971
-8785
3946
4046
-8766
4001
-22914
-8910
4005
3985
3867
-9793
6093
4064
17869
4024
3882
5753
-10604
2832
4099
-21768
-8918
3862
3996
4024
-9884
3994
3984
32580
-10628
4113
4168
-10391
4175
4024
5718
-36532
3791
4183
-10248
4064
4103
-8817
3977
29607
4174
-8193
2404
3976
5548
-10183
-9022
4304
-9999
4142
3960
5647
-10529
3882
32864
4220
-8987
3158
4010
-8971
4097
3160
-36263
3957
4139
3860
-8957
3907
3197
13593
10071
3049
4186
-8894
2957
4014
4082
-23484
-8842
4051
-8714
4854
2529
-8802
4055
31197
3960
-8899
3116
4006
-8881
3115
3957
-36428
4142
3901
2973
-9789
4077
4086
-8887
33606
4098
4049
-8630
3013
7756
-8992
-8759
4054
-10513
5128
3536
16916
-23445
4916
28648
3942
-8832
4204
4080
-8686
2448
17021
-33049
-9305
4423
4100
-10599
4287
4097
2475
16512
17018
-8781
-8554
2239
3970
-7205
-9871
-8776
-10798
4170
18747
45965
-8877
10349
23233
-8923
3049
5732
2329
-8970
15602
-8971
-34817
5253
3964
4206
-8958
4127
3830
15979
17097
-8993
2603
-8908
4003
4025
-8954
-6954
-10598
2694
3997
-9748
3908
-10299
12185
22818
-8940
5777
2456
4003
3165
-8834
4023
-35707
3391
3965
-8856
3039
3923
4186
30807
-8968
4106
-8969
2511
3974
4071
-7301
-10866
-8597
3976
-10401
4146
4071
-8832
3936
30467
-7162
1290
4107
4107
-8976
3078
3997
-34690
2671
4136
-9040
3990
2922
4233
18340
4008
3074
-8618
4136
3983
3297
-8784
-8886
-9708
-8866
4186
3996
-8848
4007
4038
17985
2338
3942
-8841
4193
3980
3996
-9646
-21865
4007
-7304
2156
4231
3944
-9743
30455
5033
-8991
3988
4140
4248
-8933
4057
-11241
-20190
4166
4034
2246
-7053
4030
4039
16922
4032
4190
3992
-8734
-21601
-21674
4024
-36563
4047
4059
-8893
4014
2609
3873
-7901
30791
5445
-10214
4040
3885
-10476
4126
4053
-21768
4191
3913
-8974
3042
4044
-9025
32311
4004
4043
-9295
4465
5290
3885
-8699
-23501
2649
-9993
4191
4000
-8654
4033
4160
32608
-10566
5823
2765
3901
-10492
4640
-10590
-21679
4116
4141
3954
-8528
1840
4083
16656
6908
3858
4112
-10395
4311
4002
-10595
-22890
3125
-8820
3952
4155
3853
-8780
4081
32133
5234
-11530
4055
4008
-10718
3959
4062
-20978
4179
-8801
2619
4293
-8890
3867
32311
4120
-10620
4323
4143
-10605
7219
1471
-23413
-8885
2516
3242
-8848
3957
2477
-8740
32359
2268
5263
-11145
3933
4002
-8975
4182
-8891
-8856
3973
4042
-8736
2615
4080
32303
-9427
3551
4001
-10402
7255
2587
-23569
-9080
4015
-8533
4001
3108
4033
-9004
4226
32629
-10626
4156
5331
4337
-10630
4187
-10279
-9024
-8749
3996
4130
3882
-8890
2953
32523
-10546
5640
4060
-8805
3671
4494
4061
-36306
3116
3995
-8755
3839
4079
-9002
4448
30791
4754
-10685
16902
49060
-8895
3884
4048
-21902
3278
-8927
4058
3225
4066
-8869
30983
3983
-9029
3955
2711
4007
-8897
5114
-21831
-8995
3814
3159
3949
-8960
4313
31448
-8942
2876
4150
4003
-9037
3028
5777
-10620
-21972
17065
-9853
4286
-10366
4032
4082
30682
-8281
2300
3962
4324
-10304
3903
-8426
-22009
4053
3933
-8938
2538
4148
3984
17980
4021
3137
-8902
4845
3993
5567
-10640
4163
-10374
-8781
-8795
3960
4822
3990
-8812
32296
2330
-8932
15555
-8630
4017
-9032
3910
-21910
-8875
2795
3688
10046
4037
-8934
31130
-8939
4009
4191
-8859
3275
3851
4244
2967
-34686
4115
3954
-8841
3955
3887
16740
4101
4201
3879
-9775
4169
4043
-10344
4146
-22752
4176
-10655
4044
4149
-8996
4185
31217
-8828
4052
2673
2497
-8787
4079
2916
-9019
-8909
-8803
3592
-8878
-47754
4267
-10354
32249
4947
-10515
4271
4296
4109
-8719
4013
-23524
-8653
3850
4138
4092
-9738
3947
4347
17019
5711
4204
-9385
5261
4549
4025
-8899
-23714
3289
-8916
2993
5526
-8861
3946
32226
4072
-9319
3400
4028
3903
-8881
3951
-23432
4365
-8929
4016
4099
2556
-8891
4172
31838
-9328
3511
4039
3153
-8737
3897
4017
-23466
4062
-8810
3976
2630
-8664
4182
33349
4175
-8969
3999
4007
-8734
4123
2469
-36447
3917
4014
3925
-8920
4107
2926
-9036
33695
2639
2951
-9097
4383
-10649
5268
3381
-23560
-8954
3126
3842
-8788
3993
3063
32594
-11220
5581
4023
-10708
7604
2459
4107
-36439
2768
4011
-8953
4015
3991
4070
-8978
31377
4383
4033
-10662
3212
4312
-10480
3061
-21793
4224
5221
-8965
4077
4206
3939
17888
3977
3821
-9375
7130
2450
3393
-8752
-23428
3908
2942
-8772
3950
4031
-8766
3867
32871
-10588
4789
4012
-10519
3235
4301
3885
-21740
-10517
4187
4023
-8811
3075
4103
17885
4671
4007
4056
-9218
3475
4026
-10634
-22108
4233
-8920
37428
26996
4025
-7183
28588
3995
-8949
3264
3873
4127
-9846
4081
3976
-21850
-9762
4138
3955
3862
-7602
4207
29753
-8918
2989
4017
2627
-8870
4146
3942
-34714
3916
4085
-8570
2094
3974
3982
17932
2975
3943
-8961
3257
4076
-8883
3896
3070
-8830
-8888
3242
-8920
3927
4075
-8653
28969
3867
3998
4210
-8858
4279
-9914
3867
-21870
4170
-9854
4005
4066
2627
-9004
30986
3847
-8960
2941
4052
-8910
3991
3908
5075
-21607
-9082
4172
3932
2582
-8723
3988
30291
-9007
17238
-8996
-10424
4116
3960
3970
-35571
4071
2851
-7214
15135
-8747
-7316
28544
3915
3992
-8981
3192
2012
-8941
16950
-22033
-8762
3950
-6741
2219
3980
3930
-8454
28943
4128
-9041
3981
3975
-8641
3031
4123
-21866
-8516
1351
3944
-7264
3927
2405
31017
-8295
4001
4696
-34837
-23400
4080
4834
-10773
-21855
3967
-8873
4242
3920
2552
-8827
30087
7746
-10588
3976
4433
3403
-10544
4034
-22983
-8984
4115
3993
2517
-9765
4045
4004
17170
2990
3835
4187
-8822
3114
3937
-8893
-22794
3945
4039
4166
-10336
4007
4066
12571
7748
4039
3974
-8877
3887
4230
3839
-36218
4228
4070
-8792
4020
4101
-8918
2553
30683
3323
-9006
4034
3974
3998
-9009
4062
-21993
4047
-8974
4197
4170
4016
-8764
26700
9294
-11199
3923
4040
5619
-11273
5867
-21978
-8986
4052
4087
3915
-8795
3992
2492
17944
4242
5660
4049
-10459
3894
4264
-10671
-21820
3956
3958
4182
-8511
2818
3997
32032
-8714
3867
4037
-9349
3584
4022
3392
-36362
3958
4298
-9027
4051
4141
-8909
1313
32159
5465
-9342
4310
4124
2509
-8803
3935
-23423
2438
-10034
5113
4047
3875
-8648
32504
3925
-8839
4101
2167
2980
-7742
3973
-23352
-9432
3550
3876
-10010
4090
3970
4023
19382
4425
2531
3999
-7344
3871
4091
4579
-24896
-8920
2912
4140
-8910
3836
3526
32187
-9086
10590
55039
4070
-8424
3627
4110
-22016
-8460
4472
3948
-9104
3526
6750
31098
-8795
3901
4102
-8837
4060
3501
3823
-8815
-22320
4162
4439
-8716
3958
4494
23587
-694
4033
4073
-8504
4252
3963
-8750
3980
-21776
-10375
3901
3979
4143
-9418
4090
30889
-8779
3825
4495
-8894
4021
3892
4094
-8968
-22933
3963
-8820
4203
4349
3996
-3328
25245
3984
-8051
4820
3980
-8531
4611
3975
-21715
-9750
3959
4132
-9048
4060
4026
30897
-8850
4441
4002
-8460
4120
4099
4006
-9214
-21150
3989
-8396
4133
3875
4454
-4851
25951
4126
2990
-9394
4109
4154
-8866
3957
-21796
-10373
3869
4051
3959
-9402
4444
29927
-8782
4092
5102
2296
-8905
3134
4436
-8883
-22267
4681
4088
-8652
3949
3830
-901
23389
4483
-8695
4074
3916
3938
-9530
5792
-23553
4373
-8716
-45958
-10038
5128
4690
-10502
33406
1766
-7282
4519
3457
-9446
4185
3887
-22496
3860
-10511
4555
4715
-10458
18498
15826
4046
-7254
2035
4110
-7243
3943
2238
-34193
18589
-8510
-10433
4073
5394
-9735
4222
32713
3731
-8925
15345
-7008
-8988
4248
4309
-21322
4375
-10509
5222
3598
3971
-10632
30926
3926
-7058
2277
3767
-6302
2425
4167
-20108
-10528
4676
-10594
4029
5186
-10285
4120
31579
-8722
15103
-7198
2502
-7107
4021
1785
-19770
3998
-10744
5310
4437
-10541
6910
29234
-7313
2654
2287
-6988
3753
2266
-6932
-23136
5263
3985
-10579
4083
5058
-10581
4299
32625
3652
-8955
4480
3901
-8401
4098
4006
-22342
2266
-9677
4015
6022
3875
-10616
30830
4170
-6386
4052
3964
-7205
2365
4227
-34688
5199
4469
-10328
4362
4303
3842
-10615
32125
3085
-6229
4016
1701
-7263
4149
6205
-23436
-10702
4053
6004
4075
-10956
4037
30024
-6947
5071
698
4277
-7163
2182
3821
-34406
5599
3514
-10723
4064
4982
4053
-10404
32097
3457
-8768
4363
4045
-8923
4771
2275
-23441
53833
-2201
3904
4202
-8577
18137
18405
-9685
3593
3918
-8894
3679
4023
4167
-33614
3925
4714
-9688
4087
4949
-9021
31387
4239
4055
-8804
4036
4207
-10509
4055
4087
-21954
-8763
4066
3991
-8858
4031
22078
-1312
3932
4124
3946
-8915
4132
4362
-9772
-21780
4232
1947
-9476
4018
4030
-9263
30789
4079
-8807
3974
3824
3895
-9013
4488
3403
-21768
4908
-8881
3978
4162
-8466
7896
26421
-8654
4420
3921
3965
-10486
4106
4053
-34259
4403
4206
-9056
3872
3987
-8663
31069
4009
-8839
3376
3900
4246
-8986
3972
4387
-21888
-10309
4388
4084
-8920
4188
33613
9167
-9106
3453
4494
-8937
3346
4070
4772
-36610
3146
4027
-8853
4014
4809
-8989
31811
4453
-7108
2760
4921
4343
-8712
4015
3939
-21915
4071
-9086
4138
4115
-9007
26180
10641
3893
-23493
-35146
-8931
3907
4028
-8481
-20018
3997
-9625
4525
3971
-9016
3797
29543
-9281
4145
3684
4064
-8846
3902
4469
-8922
-20104
2540
-8792
4234
4094
-8733
3891
30387
4381
-8881
4033
3987
-8924
3966
2875
-19929
-8981
4384
4005
-8724
4345
4506
-508
20400
4030
16177
-21154
4077
4466
4157
-8929
-6392
-9004
4010
4037
1897
-7051
3967
28518
-9028
4009
4240
-8952
3912
4510
3487
-32880
3996
-9432
4113
4413
3841
-9868
23845
9488
4121
-9225
3951
-8973
4691
3851
-8857
-20103
2188
4015
4504
-9036
4735
-8859
29010
4138
4426
-8922
5237
4020
4718
-8915
-33230
4127
-10546
4718
4011
3892
-9019
9253
37541
-8828
-9316
4154
3981
-7685
2439
-7110
-23645
6699
3948
-10647
5282
4439
-10586
30508
2398
-7182
3943
2256
4096
-7328
2638
-21658
-10313
4034
5624
-10458
4536
5500
11483
11133
4065
3535
-8789
4422
3988
-8998
4048
-23513
5676
4030
-10647
5121
4246
-9704
32324
2584
3884
-7180
2269
4159
-7113
2592
-21870
-10433
4162
5679
-10774
4026
4065
10583
12180
60730
4552
-8402
2402
4211
-8854
4782
-21960
3886
4117
-9459
6385
4266
-4436
27532
4359
-8950
4069
4121
-8965
3896
3954
-22455
-8597
4229
4524
-9016
4102
3914
18558
4317
4128
4055
-8860
4150
3426
-8947
4131
-22440
4467
4088
-8728
4168
4128
6681
15901
4343
3969
-10081
4022
3943
-8629
4114
-21929
-9003
3833
4049
-8893
3476
4048
18107
4181
3671
4592
-10284
4130
5321
-9171
3992
-21440
4074
-8980
3985
4005
3058
5415
17547
3087
-9372
3987
4155
-8710
4066
4911
-23051
-8992
4547
3687
-8887
3983
4043
30888
-8873
4040
2768
-8969
4209
3983
-8962
4070
-21861
4097
4014
-9028
2562
4916
9313
12234
4354
-8739
3951
5331
4019
-8880
3663
-21639
-8212
4820
4162
-9043
3206
3883
31366
-8617
4689
4186
-8511
4129
4068
5930
-10652
-21893
-34871
-20576
6101
2258
-10001
4186
29126
-9206
4372
4263
-8835
4026
3847
-8776
-20046
3152
-8542
3911
4210
-8810
4052
17013
16131
-8842
4461
2655
-8887
4078
4033
-8880
-21144
4397
-7426
2327
4123
-8890
4567
32737
2329
-7043
4395
2123
-7138
3942
2832
-36219
4136
4172
5542
-10617
3921
3743
-8843
31500
4041
-9024
4019
4020
1768
-6747
4112
-23001
4816
4021
4659
-8926
4131
4039
16040
4387
4011
-9343
4428
3910
-7849
2226
-20069
4011
-8387
4001
4210
-9354
3900
16996
6276
4570
4398
2364
-6754
3938
2251
-7028
-23652
5383
-10684
4069
4110
5702
-10582
32216
2505
-6928
3515
1732
4039
-7228
3428
-21663
-10557
4122
5160
-10168
5096
5110
13471
9301
4224
-9555
3976
4187
4010
-8660
4123
-23531
5319
-10728
4010
-9037
3838
4172
19855
4769
4012
-9034
15104
-7359
3939
-9816
-23580
4003
4118
-9036
3859
4811
5074
-10628
32805
4383
-9464
4427
4604
-8858
2281
3921
-7254
-9364
4408
3927
-10145
5227
4233
17305
2197
4629
-7586
1745
4079
-7253
3892
3420
19513
5704
1702
-8484
4132
4509
29916
-8923
4071
3029
-8723
4050
3050
4320
-8967
-21957
3146
-8883
3860
3979
-8834
13921
20506
4000
-8919
4075
2915
-8829
3993
3980
-34807
5883
2337
-9816
4113
4201
2867
17903
2970
4134
-8962
3249
4056
-8972
4104
2536
-21821
3955
5260
-8871
3084
5724
441
18136
4059
-8753
4018
4049
4011
-9849
4199
-20220
-10601
3991
4184
-8724
3924
3936
30864
-8826
3920
4018
-10478
4390
4275
-8923
4153
-21776
4019
2666
-9024
5746
2240
-9662
30978
4119
-10270
4044
3976
4036
-8899
3828
-21720
-10341
4096
4134
-8829
4180
4189
30721
-8878
2398
4111
-8998
4153
4009
-10180
3985
-21861
4042
4221
-6853
2285
3119
-8664
30981
2905
-8761
4135
4072
4002
-9067
4111
-23227
-8974
3994
3973
-8840
4063
3000
30990
-10499
-46277
3387
3943
-11332
5835
3862
-9478
-21557
3978
-8854
2898
2677
4079
-8731
32454
4069
-10631
4155
5770
5708
-12249
4618
-23572
-9018
4329
4045
-8879
3890
3284
3891
17345
4011
4372
-10567
4419
3895
5324
-10631
-21822
3983
4080
4045
-8854
2996
4150
32238
-9315
3601
4231
-7737
2902
3944
4011
-36502
4016
4171
-8978
4130
3934
-8871
4102
32782
2960
-8771
3965
4093
-9355
4520
-10309
-21869
4193
3945
4234
-10393
4063
4019
18675
3983
4049
3967
-8579
3966
3979
-8885
-23477
4046
4309
-8845
4229
4419
-10334
4095
30621
4934
-10517
3979
6055
-10487
3869
2593
-22884
4186
4076
-8968
3783
4161
3958
17926
3934
4067
-9287
17454
-9814
-10568
4675
-23484
4112
-9039
4199
5552
-10573
14696
-8742
31007
-10413
4630
4044
-10596
5339
4312
-10371
4154
-23191
3941
4189
3832
-8994
4149
31885
-8944
3153
16934
-8821
-9843
4095
2980
-36516
3979
4059
-20047
15130
17026
-8656
-7592
32856
2985
-8784
3984
4280
-8785
4030
17013
-36399
4080
4071
-8794
3120
3143
-8873
88570
2290
4123
-8870
3977
4088
-8918
2527
-21844
-8850
4035
4243
4100
-8864
2593
4049
18229
4053
3995
-8620
3101
2987
4126
-8812
-21731
1595
-8988
4084
4117
-9060
3934
31515
4019
-8916
3965
4131
-10268
3917
3949
-33140
1259
4129
4023
-7401
4266
2535
-7138
27729
3915
-8584
3772
2665
4256
-8838
3865
-8844
-8873
4069
2519
-8781
3905
4876
31314
-8866
4056
4660
-8916
4199
2609
4702
-36511
4013
2844
-8945
4109
4091
4144
-8970
30631
4737
-10607
4163
3054
3571
-8879
4125
-23118
3934
-8897
4120
3009
-8926
4138
30158
4063
-8870
3953
4102
-10004
5664
2350
-33849
2386
4126
5330
-8956
4026
4212
2919
19192
2424
3208
-9061
4052
4172
-22859
16929
-21914
-7209
2426
3944
3960
-8833
3985
31086
-8950
3077
4160
-8760
5716
1347
3935
-32964
-49371
3170
4191
-8940
4016
4132
3925
17951
6866
3994
-10480
4300
4184
3899
-9250
-23177
4114
-8860
3015
4017
4041
-8822
4027
32785
3912
-10416
3628
4024
-10552
6999
4332
-23431
-9003
4203
4031
4139
-10064
4435
32379
-8779
4043
4011
2944
4156
-8925
3907
-23439
-8934
4132
4088
3872
-8786
4054
2444
20001
3953
5643
2233
-8717
3920
2559
-7691
-23477
4007
-9816
4146
3869
4070
-9859
32568
2915
3931
-8931
4190
3211
-8741
5502
-25314
-9789
4165
3998
4092
-9830
3947
4044
32963
-8215
2251
4070
-8739
3986
2750
4161
-24428
-8837
4149
3075
-10520
4069
4172
31158
-8930
4171
3863
-8880
3875
6952
-10568
-23573
3909
3041
-8868
4046
3994
-8922
4146
33929
2418
-10470
4951
3897
-10529
5218
3500
-23631
3999
-9991
4438
4075
-8935
5688
32424
4007
-8913
4095
1951
-7248
2668
4093
-49322
17170
3905
4120
-9836
4046
4002
-9843
32836
4060
-9263
5489
4166
4176
-8965
3925
-23398
4611
2452
-8742
3847
4238
-8784
32117
3988
-8879
2554
4165
-8846
19283
42475
-21902
-9004
2958
4156
-8955
4014
2808
31282
-8825
4188
4045
-9463
2911
4022
4039
-8863
-24497
3991
4220
-9022
4088
4021
4123
16458
4131
3992
-8968
4022
4149
-8896
3079
-21844
4335
-9944
3876
4024
-9766
3109
30747
4093
-8987
4076
3976
-8854
4113
2622
-5960
-21602
3245
4212
-9018
3208
4049
4353
17860
5718
2158
-8792
16056
-8670
4087
-9947
-21781
3938
4110
-9975
2960
3972
4139
18059
3138
-8942
4058
4072
4130
-7725
1841
2560
-8886
-8919
4284
-9039
3986
3984
-10404
31362
2310
4074
3108
-8794
3942
-9768
3877
-21844
-8812
3166
3816
4010
4000
-8864
30601
-7499
4161
3997
-8958
4315
2321
3950
4135
-34792
5049
-9036
4365
4066
-8876
4139
29469
-8936
17011
-8986
4015
-8868
4722
3939
-34708
4073
2835
4044
4000
-8830
2868
-60433
32586
4170
-10649
4779
3975
4213
-9276
3484
-23504
-8926
3070
4264
4062
-8913
3912
32245
2145
-9366
4381
4020
-9226
3561
4093
-23468
-11067
4257
4097
-7762
4030
4174
-8944
29377
5348
3641
-10624
4007
4815
4099
-10641
-21806
2951
4041
-8858
3876
3018
4004
18025
4265
-10702
3961
5259
4316
-10536
4089
-22669
-9045
4190
3889
-8832
4211
3960
2571
17506
4149
4109
-8868
4187
3927
4172
-10307
-21986
4187
3874
4230
-8869
3169
2679
32620
-10609
7345
3883
-10542
5115
4469
4231
-36430
3992
4166
-8941
2628
4061
4035
-8935
32611
3985
-10268
4197
3994
4030
-8924
3973
-24526
4437
-10417
3630
4204
4336
-8953
32296
3998
-8831
3821
4008
-10658
4427
4529
-23550
-8799
3824
4253
-8961
2967
3993
-8995
27866
4140
4090
-9976
4251
4106
-8934
3972
-22059
4048
1437
-9083
4244
4108
-10290
29379
4963
5878
-10612
3941
4173
-10372
4061
-21894
4003
-8578
3978
4050
-10331
3965
3884
29682
-9580
3862
3968
-8904
2930
4102
3994
-21797
-9072
3977
3846
4186
8356
46615
29683
-8884
3985
4042
2575
-8872
4054
4062
-21852
-5936
3891
2416
-7157
4060
2569
29473
-8735
4110
3941
-8694
4103
3877
4048
-8833
-21564
2283
4082
-7055
2341
3970
4112
17463
4171
3976
-9846
5330
4014
4126
-8949
-21920
4163
-9830
3114
3994
-7353
2323
29489
-8975
4167
3973
4021
-8891
3091
3865
-9725
-20130
4122
4022
-9930
4407
3922
-9606
30053
3875
4041
-8857
3941
4201
-9082
4390
-20166
2549
-8926
3761
4089
1308
-6995
28890
3061
-8922
4067
3188
-10173
3947
4135
3890
-21793
4007
4139
-8474
2478
3979
-7185
29055
4022
3894
-9909
4165
3971
4066
-8836
-21816
4019
-8824
4029
22764
-8898
-8911
30749
4110
-8708
2634
5508
2369
-8949
16956
-8872
-8904
-10368
3922
4092
-8898
5652
10041
22757
2668
-8895
3918
-8819
3994
-34719
-19942
-22219
-11206
3866
3372
5147
-10185
3998
4200
18246
3939
4221
-9015
2935
4178
4082
-23448
-9922
3992
-8868
3896
2779
-10558
4059
30717
3911
-8936
4035
3833
-6536
3999
3188
-50408
16964
3916
4257
-10372
3983
4274
-8925
32678
3935
-11491
4698
3200
4078
-10453
4341
-10637
-8971
4731
4117
-9828
3865
2730
32823
-8791
3021
4158
-8892
3979
2513
4169
-36465
4405
3831
-8817
4067
4115
-9935
3989
32819
2706
-8673
3886
4077
-9155
4463
-10634
-8706
-9904
4242
4008
4368
-8899
3874
31057
-8873
4074
2938
4047
-8802
3987
2986
-36148
4097
4107
-10244
4061
4007
4200
-8966
33121
3986
-10435
4770
-10612
3846
5126
-11156
-21929
4114
1891
-9738
3946
4458
-9959
22187
12640
4380
-9928
3985
4026
-8889
3910
-21627
4025
-10423
4063
4019
-7197
4017
2638
18424
4180
4190
4064
-8935
4273
3934
4033
-22907
-9775
4101
4208
-10022
4064
4257
30838
-11067
3988
4102
4550
-10747
4257
5402
-23938
-8725
4026
3116
-8848
4025
3088
2599
17817
4147
4119
5499
-11100
60009
4039
-10001
-19776
3090
3960
-7298
2506
4195
3924
16644
3874
2445
-9003
3049
3879
4223
-8803
-21919
4166
4049
-8554
3953
2269
3955
17360
3049
3996
-8777
4081
3236
-8740
3883
2983
3951
-21725
-7300
1300
4245
-7340
3330
28886
-8875
4099
4060
4005
-8729
2563
3896
-32968
4054
1216
5929
-8917
3147
2462
18305
3398
4044
3142
-8877
5082
4139
-8962
4052
-20070
2288
4123
-7306
1372
4258
-7177
26176
3186
3883
-8616
3054
3954
4075
-8767
-22810
4172
4067
-7343
2523
3923
-7221
28547
2797
4088
-8809
3912
3054
-8734
4099
3086
-21857
-7139
3977
3390
-7147
4202
1221
30505
-8845
3034
4058
-8828
4141
3116
4010
-31739
2460
2476
4173
-7140
2169
4041
18203
3884
3018
3349
-9103
3989
2707
3929
-8944
-20176
2404
4199
-6928
2546
-47364
-10844
45235
-9165
-10216
4030
4050
-23286
16831
4136
-20415
-10520
17095
-8816
2531
-8875
4005
4089
18045
4173
5035
3644
3919
-10508
5288
-10637
-8743
-9071
4037
3822
-7297
2465
17051
18787
-8973
3967
4022
-9311
3654
3951
3906
-36492
17282
-8948
-8841
3226
4183
4030
-10398
30772
3854
-10436
18891
-10733
5800
-10661
3868
-21779
2461
-8901
3920
4040
4174
-8963
31933
3632
-10728
4217
5573
-11586
3939
4148
-9949
-21775
4082
3916
4107
-8982
4001
2566
18834
4027
4181
5385
-10195
3908
5364
-11260
-7482
-9058
2719
3995
-8810
3929
4153
31984
-10442
4151
3162
-10532
5432
3548
-10617
-21744
3044
4070
-8924
4152
4006
-8110
4178
30656
4315
-10084
3988
5324
-11156
3953
3985
-21830
4155
-8987
4053
1830
4038
-8824
32249
4050
-10460
5322
3686
3978
-10406
4726
-23588
-8845
4107
4006
4008
-8991
2459
4156
17947
4013
4040
4485
-9471
4011
4471
-10108
-22798
3987
-9924
4006
4163
3992
-9751
26206
7681
-8946
3386
4109
4090
-9950
3925
-21834
-8826
3917
4068
-3745
56876
4207
29257
-9398
4003
3983
-8719
3992
4205
2884
-7255
-8975
2660
-8935
4128
3955
-8732
4101
31044
4245
-8957
4136
2566
-8985
4235
4050
-34781
4253
3955
4044
-8743
4035
3023
30644
-8992
4088
4016
-9735
4000
3980
4205
-8819
-21866
4200
4003
-8873
4020
2720
-8988
29131
3960
2943
-8917
4203
3971
-9098
4162
-21915
2684
-7396
2413
9350
-8712
3960
30698
2937
-8738
4040
3396
-9026
4048
3965
-9791
-9003
-8821
3021
4009
-8943
4099
4118
30404
-8622
2981
4000
4035
-8908
2857
4103
-34783
4201
3962
-8810
4049
4033
3871
18134
4050
2965
-8768
4132
4102
3879
-8714
3963
-23304
4009
4098
-8862
3956
4038
-8755
29842
4128
3950
-9004
4013
4153
-8970
3043
-21946
4255
-9839
7829
4293
3009
-8815
30129
4476
-8965
3887
4217
-21883
-34120
4240
-8764
-23604
2953
4110
-8876
5724
1379
4068
19260
3861
4198
-8895
3951
4078
-8879
2691
-23399
4034
-8936
4066
3717
-8845
4012
2529
19844
3921
4060
5133
-8732
4006
2447
-8703
-23552
4036
3891
-7187
2275
17083
-10248
19321
3958
3954
-8771
3959
2299
4743
-7677
-10505
-9927
4056
-8662
3977
4091
-9004
4351
32346
4009
2925
-8888
4083
-9732
2427
-8678
-23699
4381
2934
2529
4133
-8927
4250
19498
3953
2700
3980
-8808
3841
3044
4017
-36484
4061
3080
-8997
3279
4000
-10283
3894
31890
4577
-10575
4059
4574
-10610
4148
5186
-22948
4820
-8940
4084
3953
-8992
3131
32152
3955
-8981
4081
3917
-9326
3518
4090
-23568
-8919
4334
3904
-9034
4142
3892
-8958
32654
3909
2538
-8883
4170
-10596
5114
3568
-23643
4013
-9974
4828
4023
-8866
3952
32157
2412
-8768
4047
3937
-9342
4618
3970
-23456
-10002
4203
3149
-8735
3743
4256
3966
19754
4014
3102
-8865
4163
3972
4049
-8782
-23495
3951
3096
-8951
4128
3813
4103
19479
3877
3819
-9055
60131
3963
4058
-8926
-23233
4359
-8964
5666
2347
-19952
15348
30987
4176
-3373
4040
3929
-9767
4199
4097
-9964
-21863
4161
4039
-9848
3907
4163
4079
18188
3972
4059
2581
-8864
4029
3974
-10038
-21912
4133
4224
-11713
3922
4133
-9082
30719
4213
3089
-8958
3967
2566
3112
-8688
4136
-21867
3984
3938
4061
-10379
4063
12042
10428
3917
5835
-9993
3999
4109
-8957
2965
-21812
5596
-10147
3979
4024
-8814
3988
30691
3978
-8900
2325
3224
-8891
3136
3922
-8962
-21921
4009
2495
-8988
4070
5525
-11534
30849
4160
4089
-8954
4105
3992
-11255
3982
-21082
2475
-8526
2422
3998
-7142
2514
30698
-8569
4064
3185
4045
-8773
2751
3984
-8724
-20938
2210
4056
-7153
3195
3314
-7109
27847
3954
-8849
4103
2976
3985
-8640
4168
-22938
-8156
4159
2922
-49227
-9017
4248
3796
32286
-10640
2354
3962
-8967
4210
4006
-8977
-23331
-8835
3990
4093
-9853
4112
4079
15559
5417
4050
4134
-8869
3971
4790
2540
-34872
4094
3064
5020
-8971
3917
3904
-8829
30854
2386
3984
-8871
4041
4095
2511
-8792
-8806
4041
-8935
4104
17957
-8818
-8996
32140
3398
-10566
4079
4701
3255
-10698
17722
-36453
-8712
3887
4421
-9038
4143
4123
-9955
31041
18713
-10662
-8816
4007
4199
-8958
2581
-21825
4611
2267
4138
-8870
3863
4630
16936
5098
4757
4156
-12067
4188
17410
-23564
-21849
3988
3953
-8685
3913
2593
5565
-10510
45366
-8704
3797
-11356
4746
4231
-10606
5109
-22392
2316
4217
-9997
4016
4019
-9602
31220
4026
-10582
5089
4596
4779
-10617
4162
-21922
-8984
3327
4107
-10422
5664
2439
3999
18067
3985
4049
4391
-10577
4061
5266
-10386
-21720
16954
-8722
3947
-8786
2908
3910
32542
-8811
3728
3992
2716
-10505
3989
3979
-36144
2484
4013
-8743
3987
4131
4030
-8899
31789
3974
-10579
5721
3852
-10530
5210
3445
-23691
4079
-4837
56518
4141
3862
-9812
31271
4150
-8939
3923
4031
-10261
4962
4126
-33247
2229
5884
2284
-8905
4038
4147
31286
-8952
4098
3991
-8997
3101
4028
-8907
3965
-22003
4162
4006
-8869
3993
3983
4281
15969
4404
4005
-21881
16958
4083
2496
-8913
-21746
5831
-10607
4101
4017
3007
-8929
30728
3138
-9090
4090
3894
3055
-8121
3978
-9871
-21718
3865
4016
2901
-8942
5770
2315
18001
3909
4257
3967
-9833
4188
2686
3917
-33042
2395
3875
-8671
16796
-10289
4231
30866
-9095
4024
3974
4176
-10388
4045
4077
-8896
-21900
3986
4014
-10319
5721
2360
-9846
29977
4125
-22051
17209
3960
4092
-8931
3909
-21837
-8800
2560
4061
3972
-7023
3966
30712
4068
-9119
2978
3958
-9037
4130
3914
-8870
-21722
3813
5063
-7389
1536
4299
-8885
29577
3981
4057
-21766
-34181
4120
4123
-10729
-23360
3941
-8881
3965
2778
3889
-8960
4102
34079
-10649
3923
3922
-8825
3848
4258
-9373
-10106
-8952
3986
4208
-8993
4023
2849
32318
-8826
4186
4003
-8608
5625
2639
4034
-36452
2905
3143
-8948
4361
1543
3965
-9000
30787
3939
-9131
4358
4145
-10577
4329
-10603
-8884
-8878
4074
3950
-8910
2645
4007
33575
-8762
4072
3915
-7178
2394
4023
2486
-36454
4095
3907
-9006
4105
4003
5702
-10348
32708
3944
-10604
5713
3816
4039
-9240
-9978
-7352
-10459
3298
4148
3901
-9855
3905
32055
-9226
4714
4064
2210
-8742
4019
4051
-36449
4073
3956
3910
-10281
5754
2438
-8799
32352
3977
2563
-9982
4579
4085
-9192
3584
-23645
4290
-8847
3962
4219
3892
-8715
32334
4273
-8932
4096
2499
-8786
3940
3970
-23507
-8967
5262
3927
-7425
2409
4047
2631
19912
3970
4007
3928
-9697
3004
4071
-8832
-10461
-8919
4047
3882
-8964
2484
4107
19647
4015
4058
4047
-9901
4170
4019
-9036
-23295
3903
-8975
5678
2521
3066
-8882
2701
32636
-8989
58593
3949
5842
-11667
4181
9783
-43541
-4583
-8835
4163
3940
4286
-8924
32758
4252
4021
-9775
3868
4220
-9027
3884
-23380
-8980
4000
4050
4315
-8973
3063
30751
-8470
3919
4014
-8764
4139
3063
4298
-8942
-23590
4049
2629
-8675
4058
4002
-9093
32845
3371
-8741
3943
3368
3864
-8818
3938
-23340
-9099
4124
3979
2837
-9052
3901
31623
-9521
5209
6044
2239
-10486
4301
4088
-9520
-22014
4344
3920
-8968
4049
3777
-8892
31332
4097
3834
-9457
4357
4073
-10383
5705
-25361
-8838
3032
2719
4054
-8967
3983
20294
356
6942
2087
-10521
4020
5316
4525
-10568
-21852
3097
-9004
3951
2643
2982
-8903
31373
4769
-10477
4037
3153
5284
-8906
2237
-21833
-8927
3911
4185
-8251
4074
4148
11706
11232
2393
4052
-8901
3849
4111
4150
-8932
-23024
3960
-34616
-20126
4061
4160
-8989
2592
42431
43071
5090
4413
-8789
2426
4242
-36434
4036
3859
-8899
4179
3900
4085
-9013
28717
3896
-8906
4284
3905
-9035
3025
-8765
-8794
5681
2301
-9050
4053
2558
-8986
31331
5237
4532
-10612
5296
3733
-10568
4046
-21969
-8885
4038
4013
4130
-8900
5682
6237
12912
4113
5882
3934
-10519
5108
4564
-23642
5772
-11645
17011
-8754
3956
-8885
3964
32696
-8861
4124
1870
-9006
16720
-8719
2994
-36339
3959
4058
-9830
3977
7338
2278
28656
-6305
4383
3983
-10574
5317
4633
-10753
-9872
-9936
4173
-9056
3888
2957
-9000
4025
33006
-10680
3179
5274
17417
-23400
4130
4286
-23606
-8811
3926
4137
3806
-8777
15487
1377
8826
3950
4074
-8745
3958
3049
-9900
-8732
3937
-8652
4167
3988
-9874
4008
4122
32633
-11796
4127
3066
-9876
3950
3983
5275
-36208
4109
3941
-10200
4067
4244
3864
-8699
30278
4085
-10025
3893
3709
-8898
3885
4241
-21863
2569
-8811
3959
4151
3855
-8762
31046
5983
-10490
3977
4698
4177
-10572
5206
-23107
19242
32234
4077
-7129
1319
3912
29200
-8760
3949
7875
-7454
2206
4120
-8811
-8882
-9828
3949
-9592
3964
2473
-5209
7377
24873
-8817
4086
4212
3954
-9800
3881
4210
-32339
609
3966
3991
-8464
2319
4048
16497
2954
4144
4001
-9162
3873
4092
-8919
-9747
2970
-8959
4098
4021
-6947
2269
10469
22952
-8883
4203
4039
-8847
4324
2988
5951
-34679
2987
4149
-8943
4418
4021
4092
17941
3985
4064
-9003
3880
4197
3972
-10320
-8600
4144
-8824
4154
3869
-8753
2073
24278
10184
-8926
4065
4051
-8956
2611
3043
4131
-34788
2957
4077
4093
-8808
4009
4162
18658
3726
3765
4181
-8970
2542
4112
-9008
-8825
-9028
3949
-10124
4046
3957
-8890
9165
25811
3881
-8705
3536
3951
-10335
4085
4490
-47011
16879
3976
4148
-8820
3114
3955
16677
4120
-21816
-34445
4087
4017
-8876
3916
-8723
-10741
-8911
2916
4162
-8888
4093
3930
19427
3964
3994
-8668
5463
2629
3990
-9857
-23504
4047
-8625
4138
3890
-8875
4106
3959
33507
-8919
3957
3929
3891
-9044
2698
-9196
-23010
3957
3113
3096
-8933
3891
4045
19484
3928
3793
4165
-9027
2487
4174
3884
-36462
3847
3874
-8840
4331
4308
-10526
3945
32931
-9443
4343
3924
2515
-8690
3989
-9014
-23286
4097
3994
-8752
3053
4066
4018
18489
3938
4107
-9185
3569
5013
2889
-9345
-23181
3833
-8971
4028
7355
2602
-8984
3936
32283
-10617
5880
3785
3962
-9328
4312
-10664
-8755
-8727
4056
4057
2987
-8777
3990
30566
-8831
4024
4094
4027
-8795
4147
4117
-36246
3968
4053
-8812
2159
4031
4081
-9907
32509
3974
-10672
4366
3453
-10627
4020
20060
-36206
4015
2829
-8754
3880
3129
-10420
30965
4344
4068
-10368
4424
3988
-10618
5244
-23193
-9536
5750
1369
4031
-8918
4247
4021
17672
4091
4058
-8936
3811
3228
3825
-8938
-21817
3913
4159
-8911
3062
4055
3994
16562
76333
-8839
-8854
4103
4006
4290
-8974
-21819
3933
-7190
13906
-8960
4087
-7335
29415
4040
-8915
5634
1192
3928
4010
-8990
4272
-21868
-7183
1270
4238
5691
-9060
2348
30971
-8972
3880
4153
-8659
3762
4035
4073
-34124
2334
4201
-7166
2203
4261
4043
18139
4201
4100
-10450
4082
4174
-8890
3657
4209
-21956
2637
-9013
5819
2338
-9981
4054
30581
-22781
16906
3324
3965
-10385
4267
4114
-21789
-9036
3991
4058
-8644
2362
4308
16798
4992
4063
4052
-9954
3945
4751
-9570
3901
-21691
3979
3421
-10509
4275
3947
3883
17811
4192
2472
-8811
3940
3978
3924
-8895
-21551
2579
4048
3974
-8826
3889
4196
18645
2304
3235
5240
-9084
3595
3743
-8832
4014
-10200
-7167
2250
4153
-9012
4070
7628
26568
-8833
4008
4005
-8927
4152
4121
3953
-34835
-47718
-8857
3039
3998
-8872
4030
4128
20097
4212
2986
4095
-8916
4117
3995
-8767
-23595
4278
4031
4038
-9704
2911
4000
19242
2559
4021
-7665
3002
3965
4034
-8845
-23418
3058
-8950
4047
3895
-8949
3999
4132
31556
-8600
5103
2774
-8945
3941
3979
-8740
-25004
4109
3966
-9958
4180
3937
-8904
31272
4003
4020
-10816
3624
4026
-10571
4394
-23069
3989
-8883
3965
4040
3114
-9764
4181
32701
-11511
4080
4886
3974
-10575
7462
-12081
-21842
4149
3354
-9045
4228
3238
3966
12604
12223
2482
3701
-11199
4219
3437
-10685
-21735
2968
4122
-8972
3939
3131
-7761
4144
29503
5364
-10034
4637
3978
-8885
2371
3981
-22010
4273
-8953
4061
2976
-9034
4023
32836
2892
-10415
5159
3581
-10672
4196
5625
-36395
3913
3940
3922
-8936
4003
3146
-8534
30659
3913
-8976
4027
5609
2622
-9959
4082
-21907
4073
-8983
4141
4104
2576
-8931
24641
11668
-10606
3994
5349
3466
-10566
3989
-21898
5825
-10647
4028
3972
-8787
3900
2785
18010
4080
4149
4058
-10373
4059
4133
26011
2190
2437
5346
4142
-9894
4070
3934
28652
-8962
5830
2971
-8742
4143
4074
-8809
-21850
4009
15606
-21905
3963
3985
3244
18026
3850
4152
-9179
4077
15947
-8800
-9943
4035
-21821
4105
4088
-8877
3998
2933
4024
17661
3867
3951
-8963
4352
2868
-8962
4119
-21981
4140
-8950
3888
3080
-8817
4096
30675
5738
-10498
3859
16987
-21819
4016
2562
5233
-21840
-8867
4134
2604
4070
2956
-8841
30210
-8888
3982
4055
-8841
4323
2314
4273
-21778
-8937
3981
-8959
2517
4334
4022
19550
2230
3984
3977
-9968
4017
-8885
3310
4130
-21719
4077
-8814
3933
4099
2547
-8810
30372
3977
-9128
4117
5651
981
-9053
4187
-21786
-8898
4188
4041
-10353
3915
4029
30401
-8802
3978
4080
-10413
4055
3974
4121
-10066
-21923
4017
3407
4027
-8805
4057
8576
-1021
-33206
-8920
3890
3865
-8759
3307
4938
-23331
-8882
4138
4148
-8981
3055
3894
-9681
32291
4072
3861
-9317
3600
4064
-10722
4856
-23697
4083
4071
-8711
3904
4169
5284
19451
2988
3099
-9056
3862
3976
4058
-8849
-23547
3215
-9041
4107
3996
-9025
3987
4267
31703
-8782
4148
4039
-9249
4602
3966
-10456
-23293
4055
4219
-8912
4037
4056
4095
18568
4028
3939
-8876
3889
4092
3798
-8672
-23460
4152
-9945
3961
4287
4122
-8945
4073
32697
-9403
5450
3966
4102
-8955
4158
-10275
-22955
4090
4204
-8925
4043
4141
3963
18014
4036
3883
-8813
3915
4340
3980
-8931
-23423
3925
-10903
4063
4081
4039
-8912
3955
30991
-9516
4542
4067
4719
-10467
3117
-10598
-21942
3914
4148
4141
-9235
4104
3938
18482
4022
4103
3951
-8822
4072
3901
-8956
-23490
4113
2946
-8923
4111
3986
-10769
4054
32866
-23584
20099
5556
2193
-8919
3935
2677
-23491
4004
4087
-8931
4014
4069
3861
18073
3994
3064
-9908
4081
4018
-9850
3996
-22856
-9255
4021
3943
3138
-8935
3072
86958
-9305
4068
4161
3863
-9178
3883
3128
-9880
-8928
-7132
4098
1353
-7142
4134
3921
29259
-8856
3940
3862
-8912
4114
3008
-8958
-19886
6404
2762
-7259
1336
4065
-7260
29066
2642
-8837
3924
4177
2990
-8898
3970
-8882
-8895
-7137
4082
2153
-7183
4079
2547
27726
-8982
4138
3920
-8910
4024
4043
-9962
-20130
4000
4010
-8954
3007
5809
-9838
25480
7845
4059
-9959
4329
4033
-9769
4164
-8901
-7310
-9899
4003
4182
-9812
3897
4136
28750
-8992
3903
4034
-10397
4048
3933
5148
-33254
4262
3959
-9859
4036
3939
-9019
13646
18633
4241
-8900
3025
4115
-8932
4017
3048
-20126
-8944
3282
3994
-8758
4111
2627
28830
-8857
3911
4003
-9014
4135
2592
3977
-32949
3837
4092
-8815
3926
2849
4017
-2138
22436
3958
-8815
4100
4127
2580
-8893
-19989
-23637
-8840
4210
3920
-8791
3953
4078
31182
-8915
4164
3766
-9297
4432
4215
5865
-36064
4092
4118
-9594
4218
4132
-9932
3897
32638
4021
-10532
4221
-10623
4189
5715
3903
-23535
-8908
3851
4288
-8994
2635
4210
32164
-9376
4240
3986
-10511
4558
4220
3945
-23468
-8925
3986
4039
-10416
3258
4191
-8772
30752
4784
4130
-10379
5237
4498
-10597
4110
-23374
4074
-9828
4134
4138
3858
-8859
31276
4100
-10603
5383
4391
5236
-9282
4507
-23581
-7441
4041
3971
4184
-9820
4026
4016
17605
5212
5204
-10619
5211
3852
4111
-10045
-22686
4613
4123
4128
-9548
4380
4218
19236
4081
2536
3881
-8790
4008
4004
4179
-36413
4422
2691
-8579
4053
3514
3938
-9005
32172
3094
-9314
6023
2443
2947
-8816
3915
-23407
3376
-8698
4141
4111
4071
-9013
32434
4008
-8947
3520
3955
-8499
3986
3927
-23370
-8979
4120
3593
-8847
4041
3590
3909
19670
4022
-6842
2174
3991
4364
-8706
3885
-23513
4070
4081
-8780
4026
2442
-8787
32116
3905
-8819
3983
3466
3993
40776
10229
-21754
-8609
3941
4395
4015
-8948
4084
31294
-8096
5983
4271
3616
-8920
4033
4004
-8955
-8921
-8989
2737
3916
-8886
4049
17403
19477
-8601
5150
4103
-9014
4147
4199
3934
-35186
4113
4005
-6992
4535
3968
-8856
33239
4244
-8478
4183
3988
-8763
3991
4167
-8864
-8786
-8287
4245
4703
-8868
4340
19084
15886
-8741
4074
3979
-8714
4281
4119
-8856
-21443
4037
4259
-8758
4076
4214
-8874
30979
4306
-8787
4171
4238
4197
-8814
4110
4194
-21833
4169
-8722
17069
-8780
-8904
27037
7033
3989
-8812
7909
4162
-8836
17251
-8910
-21670
-8712
4131
4097
-8887
4270
4122
17860
17031
-8730
-8922
4144
4057
4243
-7783
5759
-21687
4054
4215
-8805
4068
4177
17187
4182
4256
-8749
4248
4220
4193
-8940
4170
-21725
-8758
4065
4216
-8861
4037
-8815
-8162
-8577
4155
-8922
4048
4348
-8891
4150
4582
-21254
-8465
4145
4337
-8740
4425
4636
18071
4214
4424
4232
-8930
5129
4508
-8775
-21797
3993
-8656
5013
4406
-8882
4247
30735
-8828
4638
4097
